59
OZ372082_2025-09-12 0.0000000 0.0006806 0.0006843 0.0012085 0.0002913 0.0001981 0.0000971 0.0009728 0.0088854 0.0094062 0.0016572 0.0013645 0.0094062 0.0016739 0.0017567 0.0012662 0.0016569 0.0011683 0.0011683 0.0011690 0.0018530 0.0011686 0.0070457 0.0009731 0.0009731 0.0012662 0.0015590 0.0015590 0.0088894 0.0016568 0.0021495 0.0016170 0.0017550 0.0013641 0.0012662 0.0070426 0.0014619 0.0019532 0.0083755 0.0083933 0.0019532 0.0013641 0.0083755 0.0083821 0.0013642 0.0013734 0.0013644 0.0017570 0.0010488 0.0012928 0.0012260 0.0019878 0.0014039 0.0017976 0.7886482 0.0064367 0.0069505 0.7875897 0.7875897 
OZ372083_2025-07-23 0.0006806 0.0000000 0.0000010 0.0007040 0.0005831 0.0004955 0.0005831 0.0004857 0.0087812 0.0093015 0.0013635 0.0008760 0.0093015 0.0010023 0.0014625 0.0009731 0.0013632 0.0008754 0.0008754 0.0008760 0.0015590 0.0008757 0.0067408 0.0006806 0.0006806 0.0009731 0.0012656 0.0012656 0.0087851 0.0013632 0.0018547 0.0015089 0.0014612 0.0010708 0.0009731 0.0067378 0.0011685 0.0016587 0.0082717 0.0082893 0.0016587 0.0010708 0.0082717 0.0082782 0.0010709 0.0010781 0.0010711 0.0014628 0.0007334 0.0009935 0.0009186 0.0016881 0.0010789 0.0014966 0.7871956 0.0061340 0.0066465 0.7861337 0.7861337 
OZ372084_2025-07-23 0.0006843 0.0000010 0.0000000 0.0007040 0.0005863 0.0004982 0.0005863 0.0004884 0.0088300 0.0093533 0.0013709 0.0008808 0.0093533 0.0010085 0.0014705 0.0009784 0.0013706 0.0008802 0.0008802 0.0008807 0.0015674 0.0008804 0.0067780 0.0006843 0.0006843 0.0009784 0.0012724 0.0012724 0.0088339 0.0013706 0.0018648 0.0015179 0.0014691 0.0010766 0.0009783 0.0067749 0.0010764 0.0016677 0.0083176 0.0083353 0.0016677 0.0010766 0.0083176 0.0083241 0.0009784 0.0010840 0.0010769 0.0014708 0.0007334 0.0009990 0.0009205 0.0016974 0.0010789 0.0014040 0.7864066 0.0061677 0.0066832 0.7857129 0.7857129 
OZ372085_2025-08-18 0.0012085 0.0007040 0.0007040 0.0000000 0.0011072 0.0009239 0.0011072 0.0002009 0.0091981 0.0097380 0.0016130 0.0014114 0.0097380 0.0015066 0.0018171 0.0013097 0.0017138 0.0012084 0.0012084 0.0012092 0.0019167 0.0012087 0.0071879 0.0010065 0.0010065 0.0013096 0.0016126 0.0016126 0.0090949 0.0017138 0.0021220 0.0019041 0.0018154 0.0014110 0.0013096 0.0071846 0.0014107 0.0020205 0.0086699 0.0086890 0.0020205 0.0014110 0.0086699 0.0086770 0.0013097 0.0014210 0.0014113 0.0018175 0.0010766 0.0013381 0.0012655 0.0020575 0.0013283 0.0017567 0.7883089 0.0065575 0.0069816 0.7882577 0.7882577 
OZ372086_2025-09-12 0.0002913 0.0005831 0.0005863 0.0011072 0.0000000 0.0002971 0.0001941 0.0008751 0.0089846 0.0095055 0.0017546 0.0012665 0.0095055 0.0015615 0.0018541 0.0013635 0.0017542 0.0012656 0.0012656 0.0012664 0.0019504 0.0012659 0.0071445 0.0010704 0.0010704 0.0013635 0.0016564 0.0016564 0.0089886 0.0017542 0.0022471 0.0018335 0.0018524 0.0014615 0.0013635 0.0071413 0.0015593 0.0020508 0.0084746 0.0084926 0.0020508 0.0014615 0.0084746 0.0084813 0.0014615 0.0014715 0.0014618 0.0018545 0.0011536 0.0013922 0.0013281 0.0020871 0.0015118 0.0018973 0.7879536 0.0065353 0.0070493 0.7868925 0.7868925 
OZ372087_2025-09-12 0.0001981 0.0004955 0.0004982 0.0009239 0.0002971 0.0000000 0.0000990 0.0007931 0.0086457 0.0091758 0.0014903 0.0011921 0.0091758 0.0014827 0.0015915 0.0010919 0.0013903 0.0009922 0.0009922 0.0007938 0.0016898 0.0008931 0.0068771 0.0007934 0.0007934 0.0010919 0.0013903 0.0013903 0.0086496 0.0014900 0.0019917 0.0015422 0.0015900 0.0011917 0.0010919 0.0068740 0.0012913 0.0017917 0.0081265 0.0081441 0.0017917 0.0011917 0.0081265 0.0081330 0.0011917 0.0012000 0.0011920 0.0015918 0.0008547 0.0011153 0.0010407 0.0018214 0.0012108 0.0016255 0.7860354 0.0062567 0.0067799 0.7846363 0.7846363 
OZ372088_2025-09-12 0.0000971 0.0005831 0.0005863 0.0011072 0.0001941 0.0000990 0.0000000 0.0008751 0.0087811 0.0093014 0.0015590 0.0012665 0.0093014 0.0015615 0.0016582 0.0011682 0.0015586 0.0010704 0.0010704 0.0010711 0.0017546 0.0010707 0.0069430 0.0008754 0.0008754 0.0011682 0.0014609 0.0014609 0.0087850 0.0015586 0.0020508 0.0016170 0.0016567 0.0012661 0.0011682 0.0069399 0.0013638 0.0018547 0.0082716 0.0082892 0.0018547 0.0012661 0.0082716 0.0082781 0.0012661 0.0012747 0.0012663 0.0016586 0.0009434 0.0011927 0.0011233 0.0018875 0.0012952 0.0016968 0.7872029 0.0063345 0.0068478 0.7861410 0.7861410 
OZ372089_2025-08-18 0.0009728 0.0004857 0.0004884 0.0002009 0.0008751 0.0007931 0.0008751 0.0000000 0.0088810 0.0094015 0.0014609 0.0011686 0.0094015 0.0013375 0.0015601 0.0010704 0.0014606 0.0009727 0.0009727 0.0009733 0.0016565 0.0009730 0.0068400 0.0007778 0.0007778 0.0010704 0.0013629 0.0013629 0.0088850 0.0014606 0.0019524 0.0016167 0.0015586 0.0011682 0.0010704 0.0068379 0.0012659 0.0017563 0.0083714 0.0083892 0.0017563 0.0011682 0.0083714 0.0083780 0.0011682 0.0011762 0.0011685 0.0015604 0.0008382 0.0010929 0.0010207 0.0017874 0.0010786 0.0015964 0.7872261 0.0062329 0.0067457 0.7861649 0.7861649 
OZ372090_2025-10-04 0.0088854 0.0087812 0.0088300 0.0091981 0.0089846 0.0086457 0.0087811 0.0088810 0.0000000 0.0018553 0.0089846 0.0095032 0.0018553 0.0102058 0.0092990 0.0087813 0.0083729 0.0086777 0.0086777 0.0086834 0.0089847 0.0086803 0.0051367 0.0084746 0.0084746 0.0085742 0.0090843 0.0090843 0.0011687 0.0089825 0.0094128 0.0092811 0.0092900 0.0088848 0.0087811 0.0049315 0.0089868 0.0094127 0.0006806 0.0007796 0.0094127 0.0088848 0.0006806 0.0007786 0.0088850 0.0089467 0.0088868 0.0090969 0.0084844 0.0085553 0.0083633 0.0088476 0.0089615 0.0091031 0.7970089 0.0041327 0.0048385 0.7945391 0.7945391 
OZ313201_2025-08-06 0.0094062 0.0093015 0.0093533 0.0097380 0.0095055 0.0091758 0.0093014 0.0094015 0.0018553 0.0000000 0.0095056 0.0100265 0.0000010 0.0106901 0.0098215 0.0093016 0.0088917 0.0091976 0.0091976 0.0092036 0.0095057 0.0092003 0.0054408 0.0089937 0.0089937 0.0090936 0.0096055 0.0096054 0.0016593 0.0095034 0.0099364 0.0098602 0.0098120 0.0094055 0.0093014 0.0052349 0.0095079 0.0099362 0.0011693 0.0012697 0.0099362 0.0094055 0.0011693 0.0012680 0.0094057 0.0093685 0.0094077 0.0096189 0.0089340 0.0091899 0.0088006 0.0094821 0.0093106 0.0097419 0.7981237 0.0044342 0.0051421 0.7968708 0.7968708 
OZ313202_2023-09-12 0.0016572 0.0013635 0.0013709 0.0016130 0.0017546 0.0014903 0.0015590 0.0014609 0.0089846 0.0095056 0.0000000 0.0020502 0.0095056 0.0023474 0.0018542 0.0013635 0.0017542 0.0012656 0.0012656 0.0012664 0.0019504 0.0012659 0.0069430 0.0010704 0.0010704 0.0013635 0.0016564 0.0016564 0.0089886 0.0017542 0.0022471 0.0017253 0.0018525 0.0014615 0.0013635 0.0067378 0.0015593 0.0020508 0.0084746 0.0084926 0.0020508 0.0014615 0.0084746 0.0084813 0.0014615 0.0014715 0.0014618 0.0018545 0.0011536 0.0013922 0.0013281 0.0020871 0.0014035 0.0018973 0.7872566 0.0063345 0.0068478 0.7861959 0.7861959 
OZ313212_2025-08-04 0.0013645 0.0008760 0.0008808 0.0014114 0.0012665 0.0011921 0.0012665 0.0011686 0.0095032 0.0100265 0.0020502 0.0000000 0.0100265 0.0007788 0.0021503 0.0016583 0.0020498 0.0015601 0.0015601 0.0015610 0.0022465 0.0015605 0.0074541 0.0013645 0.0013645 0.0016582 0.0019517 0.0019517 0.0095075 0.0020498 0.0025442 0.0022694 0.0021483 0.0017565 0.0016582 0.0074508 0.0018546 0.0023474 0.0089915 0.0090107 0.0023474 0.0017565 0.0089915 0.0089986 0.0017566 0.0017685 0.0017569 0.0021507 0.0014706 0.0016932 0.0016373 0.0023890 0.0018390 0.0022004 0.7899535 0.0068433 0.0073600 0.7888971 0.7888971 
OZ313260_2025-07-18 0.0094062 0.0093015 0.0093533 0.0097380 0.0095055 0.0091758 0.0093014 0.0094015 0.0018553 0.0000010 0.0095056 0.0100265 0.0000000 0.0106901 0.0098215 0.0093016 0.0088917 0.0091976 0.0091976 0.0092036 0.0095057 0.0092003 0.0054408 0.0089937 0.0089937 0.0090936 0.0096055 0.0096054 0.0016593 0.0095034 0.0099364 0.0098602 0.0098120 0.0094055 0.0093014 0.0052349 0.0095079 0.0099362 0.0011693 0.0012697 0.0099362 0.0094055 0.0011693 0.0012680 0.0094057 0.0093685 0.0094077 0.0096189 0.0089340 0.0091899 0.0088006 0.0094821 0.0093106 0.0097419 0.7981237 0.0044342 0.0051421 0.7968708 0.7968708 
OZ313271_2025-07-26 0.0016739 0.0010023 0.0010085 0.0015066 0.0015615 0.0014827 0.0015615 0.0013375 0.0102058 0.0106901 0.0023474 0.0007788 0.0106901 0.0000000 0.0023498 0.0018984 0.0022345 0.0015619 0.0015619 0.0017871 0.0024598 0.0017864 0.0079726 0.0015619 0.0015619 0.0018984 0.0021218 0.0021218 0.0102111 0.0021218 0.0025758 0.0023865 0.0023468 0.0017858 0.0017858 0.0079665 0.0020111 0.0024631 0.0096184 0.0096419 0.0024631 0.0018984 0.0096184 0.0096271 0.0020111 0.0020268 0.0020115 0.0024629 0.0017025 0.0019443 0.0017689 0.0026281 0.0020072 0.0024128 0.7766533 0.0073882 0.0076278 0.7754632 0.7754632 
PV246180_2023-07-17 0.0017567 0.0014625 0.0014705 0.0018171 0.0018541 0.0015915 0.0016582 0.0015601 0.0092990 0.0098215 0.0018542 0.0021503 0.0098215 0.0023498 0.0000000 0.0014625 0.0018538 0.0013645 0.0013645 0.0013653 0.0020502 0.0013648 0.0072521 0.0011690 0.0011690 0.0014625 0.0015600 0.0017558 0.0093031 0.0018537 0.0023475 0.0021613 0.0019521 0.0015607 0.0014625 0.0072489 0.0016586 0.0021509 0.0087878 0.0088065 0.0021509 0.0015607 0.0087878 0.0087947 0.0015607 0.0015714 0.0015610 0.0019543 0.0010490 0.0014933 0.0013291 0.0021890 0.0014043 0.0019995 0.7884062 0.0066420 0.0071569 0.7881006 0.7881006 
PV246181_2023-09-27 0.0012662 0.0009731 0.0009784 0.0013097 0.0013635 0.0010919 0.0011682 0.0010704 0.0087813 0.0093016 0.0013635 0.0016583 0.0093016 0.0018984 0.0014625 0.0000000 0.0013632 0.0008754 0.0008754 0.0008760 0.0015590 0.0008757 0.0067409 0.0006806 0.0006806 0.0009731 0.0012656 0.0012656 0.0087852 0.0013632 0.0018547 0.0015089 0.0014612 0.0010708 0.0009731 0.0067379 0.0011685 0.0016587 0.0082718 0.0082893 0.0016587 0.0010708 0.0082718 0.0082783 0.0010709 0.0010782 0.0010711 0.0014628 0.0006284 0.0008940 0.0008162 0.0015884 0.0009705 0.0013965 0.7891580 0.0061340 0.0066465 0.7880996 0.7880996 
PV246182_2023-09-23 0.0016569 0.0013632 0.0013706 0.0017138 0.0017542 0.0013903 0.0015586 0.0014606 0.0083729 0.0088917 0.0017542 0.0020498 0.0088917 0.0022345 0.0018538 0.0013632 0.0000000 0.0012653 0.0012653 0.0012661 0.0015587 0.0012657 0.0063373 0.0010702 0.0010702 0.0013632 0.0016560 0.0016560 0.0083766 0.0017538 0.0022466 0.0020502 0.0018521 0.0014612 0.0013632 0.0063345 0.0015590 0.0020504 0.0078644 0.0078811 0.0020504 0.0014612 0.0078644 0.0078706 0.0014612 0.0014712 0.0014615 0.0018541 0.0010482 0.0013919 0.0010207 0.0015881 0.0014032 0.0017967 0.7880316 0.0057319 0.0062428 0.7869724 0.7869724 
PV246183_2023-10-03 0.0011683 0.0008754 0.0008802 0.0012084 0.0012656 0.0009922 0.0010704 0.0009727 0.0086777 0.0091976 0.0012656 0.0015601 0.0091976 0.0015619 0.0013645 0.0008754 0.0012653 0.0000000 0.0000010 0.0007783 0.0014609 0.0007780 0.0066389 0.0005831 0.0005831 0.0008754 0.0011677 0.0011677 0.0086816 0.0012653 0.0017564 0.0015089 0.0013632 0.0009731 0.0008754 0.0066359 0.0010707 0.0015605 0.0081686 0.0081859 0.0015605 0.0009731 0.0081686 0.0081750 0.0009731 0.0009797 0.0009733 0.0013647 0.0006284 0.0008938 0.0008162 0.0015881 0.0009705 0.0013962 0.7882933 0.0060325 0.0065445 0.7880985 0.7880985 
PV246184_2023-10-03 0.0011683 0.0008754 0.0008802 0.0012084 0.0012656 0.0009922 0.0010704 0.0009727 0.0086777 0.0091976 0.0012656 0.0015601 0.0091976 0.0015619 0.0013645 0.0008754 0.0012653 0.0000010 0.0000000 0.0007783 0.0014609 0.0007780 0.0066389 0.0005831 0.0005831 0.0008754 0.0011677 0.0011677 0.0086816 0.0012653 0.0017564 0.0015089 0.0013632 0.0009731 0.0008754 0.0066359 0.0010707 0.0015605 0.0081686 0.0081859 0.0015605 0.0009731 0.0081686 0.0081750 0.0009731 0.0009797 0.0009733 0.0013647 0.0006284 0.0008938 0.0008162 0.0015881 0.0009705 0.0013962 0.7882933 0.0060325 0.0065445 0.7880985 0.7880985 
PV246185_2023-08-14 0.0011690 0.0008760 0.0008807 0.0012092 0.0012664 0.0007938 0.0010711 0.0009733 0.0086834 0.0092036 0.0012664 0.0015610 0.0092036 0.0017871 0.0013653 0.0008760 0.0012661 0.0007783 0.0007783 0.0000000 0.0014619 0.0007785 0.0066432 0.0005835 0.0005835 0.0008760 0.0011685 0.0011684 0.0086873 0.0012661 0.0017575 0.0015099 0.0013641 0.0009737 0.0008759 0.0066402 0.0010713 0.0015615 0.0081739 0.0081913 0.0015615 0.0009737 0.0081739 0.0081803 0.0009737 0.0009803 0.0009739 0.0013656 0.0006288 0.0008944 0.0008167 0.0015891 0.0009712 0.0013971 0.7866209 0.0060363 0.0065487 0.7855586 0.7855586 
PV246186_2023-08-11 0.0018530 0.0015590 0.0015674 0.0019167 0.0019504 0.0016898 0.0017546 0.0016565 0.0089847 0.0095057 0.0019504 0.0022465 0.0095057 0.0024598 0.0020502 0.0015590 0.0015587 0.0014609 0.0014609 0.0014619 0.0000000 0.0014613 0.0069431 0.0012656 0.0012656 0.0015590 0.0018521 0.0018521 0.0089887 0.0019500 0.0024436 0.0021592 0.0020484 0.0016571 0.0015590 0.0069400 0.0017550 0.0022471 0.0084747 0.0084927 0.0022471 0.0016571 0.0084747 0.0084814 0.0016571 0.0016684 0.0016575 0.0020506 0.0013640 0.0015918 0.0013281 0.0018875 0.0017287 0.0020980 0.7892245 0.0063346 0.0068479 0.7881670 0.7881670 
PV246187_2023-07-03 0.0011686 0.0008757 0.0008804 0.0012087 0.0012659 0.0008931 0.0010707 0.0009730 0.0086803 0.0092003 0.0012659 0.0015605 0.0092003 0.0017864 0.0013648 0.0008757 0.0012657 0.0007780 0.0007780 0.0007785 0.0014613 0.0000000 0.0066408 0.0003885 0.0003885 0.0008756 0.0011680 0.0011680 0.0086842 0.0012657 0.0017568 0.0015093 0.0013636 0.0009733 0.0008756 0.0066378 0.0010709 0.0015609 0.0081710 0.0081883 0.0015609 0.0009733 0.0081710 0.0081774 0.0009734 0.0009800 0.0009736 0.0013651 0.0005237 0.0008940 0.0007142 0.0014889 0.0008627 0.0012965 0.7898623 0.0060342 0.0065464 0.7888068 0.7888068 
PV054409_2023-09-15 0.0070457 0.0067408 0.0067780 0.0071879 0.0071445 0.0068771 0.0069430 0.0068400 0.0051367 0.0054408 0.0069430 0.0074541 0.0054408 0.0079726 0.0072521 0.0067409 0.0063373 0.0066389 0.0066389 0.0066432 0.0069431 0.0066408 0.0000000 0.0064379 0.0064379 0.0065369 0.0070421 0.0070421 0.0049371 0.0069414 0.0071562 0.0071307 0.0070407 0.0066388 0.0065369 0.0017576 0.0067395 0.0071561 0.0044358 0.0044451 0.0071561 0.0066388 0.0044358 0.0044392 0.0066390 0.0068904 0.0068444 0.0072536 0.0065105 0.0068852 0.0064422 0.0071794 0.0067010 0.0074239 0.7939275 0.0017572 0.0022513 0.7930828 0.7930828 
PV054410_2023-07-27 0.0009731 0.0006806 0.0006843 0.0010065 0.0010704 0.0007934 0.0008754 0.0007778 0.0084746 0.0089937 0.0010704 0.0013645 0.0089937 0.0015619 0.0011690 0.0006806 0.0010702 0.0005831 0.0005831 0.0005835 0.0012656 0.0003885 0.0064379 0.0000000 0.0000010 0.0006806 0.0009727 0.0009727 0.0084784 0.0010702 0.0015605 0.0012927 0.0011680 0.0007781 0.0006806 0.0064350 0.0008756 0.0013648 0.0079659 0.0079828 0.0013648 0.0007781 0.0079659 0.0079722 0.0007781 0.0007834 0.0007783 0.0011693 0.0004187 0.0006949 0.0006119 0.0013890 0.0007545 0.0011962 0.7888510 0.0058321 0.0063434 0.7877929 0.7877929 
PV054411_2023-07-27 0.0009731 0.0006806 0.0006843 0.0010065 0.0010704 0.0007934 0.0008754 0.0007778 0.0084746 0.0089937 0.0010704 0.0013645 0.0089937 0.0015619 0.0011690 0.0006806 0.0010702 0.0005831 0.0005831 0.0005835 0.0012656 0.0003885 0.0064379 0.0000010 0.0000000 0.0006806 0.0009727 0.0009727 0.0084784 0.0010702 0.0015605 0.0012927 0.0011680 0.0007781 0.0006806 0.0064350 0.0008756 0.0013648 0.0079659 0.0079828 0.0013648 0.0007781 0.0079659 0.0079722 0.0007781 0.0007834 0.0007783 0.0011693 0.0004187 0.0006949 0.0006119 0.0013890 0.0007545 0.0011962 0.7888510 0.0058321 0.0063434 0.7877929 0.7877929 
PV054415_2023-08-27 0.0012662 0.0009731 0.0009784 0.0013096 0.0013635 0.0010919 0.0011682 0.0010704 0.0085742 0.0090936 0.0013635 0.0016582 0.0090936 0.0018984 0.0014625 0.0009731 0.0013632 0.0008754 0.0008754 0.0008760 0.0015590 0.0008756 0.0065369 0.0006806 0.0006806 0.0000000 0.0012656 0.0012655 0.0085780 0.0013632 0.0018547 0.0016174 0.0014612 0.0010708 0.0009731 0.0065340 0.0011685 0.0016587 0.0080654 0.0080826 0.0016587 0.0010708 0.0080654 0.0080718 0.0010709 0.0010781 0.0010711 0.0014628 0.0007334 0.0009935 0.0009186 0.0016881 0.0010789 0.0014966 0.7880988 0.0059310 0.0064425 0.7861753 0.7861753 
PV054416_2024-09-12 0.0015590 0.0012656 0.0012724 0.0016126 0.0016564 0.0013903 0.0014609 0.0013629 0.0090843 0.0096055 0.0016564 0.0019517 0.0096055 0.0021218 0.0015600 0.0012656 0.0016560 0.0011677 0.0011677 0.0011685 0.0018521 0.0011680 0.0070421 0.0009727 0.0009727 0.0012656 0.0000000 0.0001941 0.0090883 0.0006804 0.0021485 0.0019418 0.0017542 0.0013635 0.0012655 0.0070390 0.0014612 0.0019523 0.0085742 0.0085924 0.0019523 0.0013635 0.0085742 0.0085810 0.0013635 0.0013728 0.0013638 0.0017561 0.0010482 0.0012922 0.0012254 0.0019868 0.0014032 0.0017967 0.7866899 0.0064334 0.0069470 0.7856276 0.7856276 
PV054417_2024-09-12 0.0015590 0.0012656 0.0012724 0.0016126 0.0016564 0.0013903 0.0014609 0.0013629 0.0090843 0.0096054 0.0016564 0.0019517 0.0096054 0.0021218 0.0017558 0.0012656 0.0016560 0.0011677 0.0011677 0.0011684 0.0018521 0.0011680 0.0070421 0.0009727 0.0009727 0.0012655 0.0001941 0.0000000 0.0090883 0.0006804 0.0021485 0.0019418 0.0017542 0.0013635 0.0012655 0.0070390 0.0014612 0.0019523 0.0085742 0.0085924 0.0019523 0.0013635 0.0085742 0.0085809 0.0013635 0.0013728 0.0013638 0.0017561 0.0009432 0.0012921 0.0012254 0.0019868 0.0012949 0.0017967 0.7874363 0.0064334 0.0069469 0.7863748 0.7863748 
PV054418_2024-09-17 0.0088894 0.0087851 0.0088339 0.0090949 0.0089886 0.0086496 0.0087850 0.0088850 0.0011687 0.0016593 0.0089886 0.0095075 0.0016593 0.0102111 0.0093031 0.0087852 0.0083766 0.0086816 0.0086816 0.0086873 0.0089887 0.0086842 0.0049371 0.0084784 0.0084784 0.0085780 0.0090883 0.0090883 0.0000000 0.0089865 0.0094170 0.0094008 0.0092941 0.0088887 0.0087850 0.0047323 0.0089908 0.0094169 0.0004859 0.0005844 0.0094169 0.0088887 0.0004859 0.0005837 0.0088889 0.0089508 0.0088908 0.0091010 0.0084885 0.0086629 0.0083672 0.0089553 0.0089660 0.0092116 0.7976538 0.0039343 0.0046390 0.7960456 0.7960456 
PV054419_2024-10-04 0.0016568 0.0013632 0.0013706 0.0017138 0.0017542 0.0014900 0.0015586 0.0014606 0.0089825 0.0095034 0.0017542 0.0020498 0.0095034 0.0021218 0.0018537 0.0013632 0.0017538 0.0012653 0.0012653 0.0012661 0.0019500 0.0012657 0.0069414 0.0010702 0.0010702 0.0013632 0.0006804 0.0006804 0.0089865 0.0000000 0.0020504 0.0018335 0.0018520 0.0014612 0.0013632 0.0069384 0.0015590 0.0020503 0.0084727 0.0084907 0.0020503 0.0014612 0.0084727 0.0084793 0.0014612 0.0014712 0.0014615 0.0018541 0.0011533 0.0013919 0.0013278 0.0020866 0.0015115 0.0018969 0.7876813 0.0063331 0.0068462 0.7866219 0.7866219 
PV054420_2024-09-11 0.0021495 0.0018547 0.0018648 0.0021220 0.0022471 0.0019917 0.0020508 0.0019524 0.0094128 0.0099364 0.0022471 0.0025442 0.0099364 0.0025758 0.0023475 0.0018547 0.0022466 0.0017564 0.0017564 0.0017575 0.0024436 0.0017568 0.0071562 0.0015605 0.0015605 0.0018547 0.0021485 0.0021485 0.0094170 0.0020504 0.0000000 0.0009684 0.0019519 0.0015605 0.0014624 0.0071530 0.0016584 0.0007782 0.0089007 0.0089197 0.0007782 0.0015605 0.0089007 0.0089078 0.0015605 0.0018674 0.0019535 0.0023479 0.0015762 0.0017937 0.0017402 0.0024899 0.0018387 0.0023016 0.7908596 0.0065470 0.0070620 0.7896985 0.7896985 
OZ263593_2024-09-17 0.0016170 0.0015089 0.0015179 0.0019041 0.0018335 0.0015422 0.0016170 0.0016167 0.0092811 0.0098602 0.0017253 0.0022694 0.0098602 0.0023865 0.0021613 0.0015089 0.0020502 0.0015089 0.0015089 0.0015099 0.0021592 0.0015093 0.0071307 0.0012927 0.0012927 0.0016174 0.0019418 0.0019418 0.0094008 0.0018335 0.0009684 0.0000000 0.0017249 0.0012927 0.0011844 0.0071288 0.0014008 0.0007527 0.0088309 0.0088517 0.0007527 0.0012927 0.0088309 0.0088386 0.0012927 0.0017391 0.0017264 0.0021618 0.0012874 0.0015444 0.0014778 0.0020937 0.0015713 0.0021058 0.8088258 0.0065725 0.0072531 0.8075880 0.8075880 
OZ263594_2024-09-13 0.0017550 0.0014612 0.0014691 0.0018154 0.0018524 0.0015900 0.0016567 0.0015586 0.0092900 0.0098120 0.0018525 0.0021483 0.0098120 0.0023468 0.0019521 0.0014612 0.0018521 0.0013632 0.0013632 0.0013641 0.0020484 0.0013636 0.0070407 0.0011680 0.0011680 0.0014612 0.0017542 0.0017542 0.0092941 0.0018520 0.0019519 0.0017249 0.0000000 0.0005830 0.0004856 0.0070376 0.0012656 0.0017559 0.0087793 0.0087980 0.0017559 0.0005830 0.0087793 0.0087862 0.0011680 0.0015699 0.0015596 0.0019525 0.0011536 0.0014919 0.0014306 0.0021869 0.0015115 0.0019976 0.7896228 0.0064321 0.0069455 0.7885662 0.7885662 
OZ263595_2024-08-16 0.0013641 0.0010708 0.0010766 0.0014110 0.0014615 0.0011917 0.0012661 0.0011682 0.0088848 0.0094055 0.0014615 0.0017565 0.0094055 0.0017858 0.0015607 0.0010708 0.0014612 0.0009731 0.0009731 0.0009737 0.0016571 0.0009733 0.0066388 0.0007781 0.0007781 0.0010708 0.0013635 0.0013635 0.0088887 0.0014612 0.0015605 0.0012927 0.0005830 0.0000000 0.0000971 0.0066358 0.0008756 0.0013648 0.0083749 0.0083927 0.0013648 0.0001942 0.0083749 0.0083815 0.0007781 0.0011766 0.0011689 0.0015610 0.0008385 0.0010933 0.0010211 0.0017881 0.0010788 0.0015970 0.7889240 0.0060324 0.0065444 0.7878674 0.7878674 
OZ263596_2024-08-30 0.0012662 0.0009731 0.0009783 0.0013096 0.0013635 0.0010919 0.0011682 0.0010704 0.0087811 0.0093014 0.0013635 0.0016582 0.0093014 0.0017858 0.0014625 0.0009731 0.0013632 0.0008754 0.0008754 0.0008759 0.0015590 0.0008756 0.0065369 0.0006806 0.0006806 0.0009731 0.0012655 0.0012655 0.0087850 0.0013632 0.0014624 0.0011844 0.0004856 0.0000971 0.0000000 0.0065340 0.0007780 0.0012668 0.0082716 0.0082891 0.0012668 0.0000971 0.0082716 0.0082781 0.0006806 0.0010781 0.0010710 0.0014628 0.0007334 0.0009935 0.0009186 0.0016880 0.0009705 0.0014965 0.7884955 0.0059309 0.0064425 0.7874376 0.7874376 
OZ261140_2022-09-30 0.0070426 0.0067378 0.0067749 0.0071846 0.0071413 0.0068740 0.0069399 0.0068379 0.0049315 0.0052349 0.0067378 0.0074508 0.0052349 0.0079665 0.0072489 0.0067379 0.0063345 0.0066359 0.0066359 0.0066402 0.0069400 0.0066378 0.0017576 0.0064350 0.0064350 0.0065340 0.0070390 0.0070390 0.0047323 0.0069384 0.0071530 0.0071288 0.0070376 0.0066358 0.0065340 0.0000000 0.0067365 0.0071529 0.0042321 0.0042410 0.0071529 0.0066358 0.0042321 0.0042354 0.0066360 0.0068873 0.0068413 0.0072503 0.0063992 0.0068821 0.0064392 0.0071761 0.0065863 0.0074206 0.7926440 0.0015596 0.0020524 0.7919011 0.7919011 
OZ261141_2024-09-03 0.0014619 0.0011685 0.0010764 0.0014107 0.0015593 0.0012913 0.0013638 0.0012659 0.0089868 0.0095079 0.0015593 0.0018546 0.0095079 0.0020111 0.0016586 0.0011685 0.0015590 0.0010707 0.0010707 0.0010713 0.0017550 0.0010709 0.0067395 0.0008756 0.0008756 0.0011685 0.0014612 0.0014612 0.0089908 0.0015590 0.0016584 0.0014008 0.0012656 0.0008756 0.0007780 0.0067365 0.0000000 0.0014627 0.0084767 0.0084947 0.0014627 0.0008756 0.0084767 0.0084833 0.0004858 0.0012750 0.0012666 0.0016589 0.0008384 0.0011930 0.0010210 0.0018879 0.0010786 0.0016972 0.7899926 0.0061328 0.0066452 0.7889369 0.7889369 
OZ261142_2024-08-28 0.0019532 0.0016587 0.0016677 0.0020205 0.0020508 0.0017917 0.0018547 0.0017563 0.0094127 0.0099362 0.0020508 0.0023474 0.0099362 0.0024631 0.0021509 0.0016587 0.0020504 0.0015605 0.0015605 0.0015615 0.0022471 0.0015609 0.0071561 0.0013648 0.0013648 0.0016587 0.0019523 0.0019523 0.0094169 0.0020503 0.0007782 0.0007527 0.0017559 0.0013648 0.0012668 0.0071529 0.0014627 0.0000000 0.0089006 0.0089196 0.0000010 0.0013648 0.0089006 0.0089076 0.0013649 0.0017690 0.0017574 0.0021513 0.0014711 0.0015937 0.0016378 0.0022896 0.0017305 0.0021005 0.7908670 0.0065469 0.0070619 0.7897059 0.7897059 
OZ261143_2024-08-23 0.0083755 0.0082717 0.0083176 0.0086699 0.0084746 0.0081265 0.0082716 0.0083714 0.0006806 0.0011693 0.0084746 0.0089915 0.0011693 0.0096184 0.0087878 0.0082718 0.0078644 0.0081686 0.0081686 0.0081739 0.0084747 0.0081710 0.0044358 0.0079659 0.0079659 0.0080654 0.0085742 0.0085742 0.0004859 0.0084727 0.0089007 0.0088309 0.0087793 0.0083749 0.0082716 0.0042321 0.0084767 0.0089006 0.0000000 0.0000972 0.0089006 0.0083749 0.0000010 0.0000971 0.0083751 0.0084323 0.0083768 0.0085861 0.0079366 0.0081390 0.0078301 0.0084316 0.0083966 0.0086845 0.7964542 0.0034366 0.0041384 0.7948473 0.7948473 
OZ261144_2024-08-02 0.0083933 0.0082893 0.0083353 0.0086890 0.0084926 0.0081441 0.0082892 0.0083892 0.0007796 0.0012697 0.0084926 0.0090107 0.0012697 0.0096419 0.0088065 0.0082893 0.0078811 0.0081859 0.0081859 0.0081913 0.0084927 0.0081883 0.0044451 0.0079828 0.0079828 0.0080826 0.0085924 0.0085924 0.0005844 0.0084907 0.0089197 0.0088517 0.0087980 0.0083927 0.0082891 0.0042410 0.0084947 0.0089196 0.0000972 0.0000000 0.0089196 0.0083927 0.0000972 0.0000010 0.0083929 0.0084513 0.0083946 0.0086044 0.0079547 0.0081566 0.0078475 0.0084499 0.0084163 0.0087034 0.7944143 0.0034438 0.0041471 0.7928070 0.7928070 
OZ261145_2024-08-28 0.0019532 0.0016587 0.0016677 0.0020205 0.0020508 0.0017917 0.0018547 0.0017563 0.0094127 0.0099362 0.0020508 0.0023474 0.0099362 0.0024631 0.0021509 0.0016587 0.0020504 0.0015605 0.0015605 0.0015615 0.0022471 0.0015609 0.0071561 0.0013648 0.0013648 0.0016587 0.0019523 0.0019523 0.0094169 0.0020503 0.0007782 0.0007527 0.0017559 0.0013648 0.0012668 0.0071529 0.0014627 0.0000010 0.0089006 0.0089196 0.0000000 0.0013648 0.0089006 0.0089076 0.0013649 0.0017690 0.0017574 0.0021513 0.0014711 0.0015937 0.0016378 0.0022896 0.0017305 0.0021005 0.7908670 0.0065469 0.0070619 0.7897059 0.7897059 
OZ261146_2024-08-29 0.0013641 0.0010708 0.0010766 0.0014110 0.0014615 0.0011917 0.0012661 0.0011682 0.0088848 0.0094055 0.0014615 0.0017565 0.0094055 0.0018984 0.0015607 0.0010708 0.0014612 0.0009731 0.0009731 0.0009737 0.0016571 0.0009733 0.0066388 0.0007781 0.0007781 0.0010708 0.0013635 0.0013635 0.0088887 0.0014612 0.0015605 0.0012927 0.0005830 0.0001942 0.0000971 0.0066358 0.0008756 0.0013648 0.0083749 0.0083927 0.0013648 0.0000000 0.0083749 0.0083815 0.0007781 0.0011766 0.0011689 0.0015610 0.0008385 0.0010933 0.0010211 0.0017881 0.0010788 0.0015970 0.7880625 0.0060324 0.0065444 0.7870034 0.7870034 
OZ261147_2024-08-23 0.0083755 0.0082717 0.0083176 0.0086699 0.0084746 0.0081265 0.0082716 0.0083714 0.0006806 0.0011693 0.0084746 0.0089915 0.0011693 0.0096184 0.0087878 0.0082718 0.0078644 0.0081686 0.0081686 0.0081739 0.0084747 0.0081710 0.0044358 0.0079659 0.0079659 0.0080654 0.0085742 0.0085742 0.0004859 0.0084727 0.0089007 0.0088309 0.0087793 0.0083749 0.0082716 0.0042321 0.0084767 0.0089006 0.0000010 0.0000972 0.0089006 0.0083749 0.0000000 0.0000971 0.0083751 0.0084323 0.0083768 0.0085861 0.0079366 0.0081390 0.0078301 0.0084316 0.0083966 0.0086845 0.7964542 0.0034366 0.0041384 0.7948473 0.7948473 
OZ261148_2024-08-02 0.0083821 0.0082782 0.0083241 0.0086770 0.0084813 0.0081330 0.0082781 0.0083780 0.0007786 0.0012680 0.0084813 0.0089986 0.0012680 0.0096271 0.0087947 0.0082783 0.0078706 0.0081750 0.0081750 0.0081803 0.0084814 0.0081774 0.0044392 0.0079722 0.0079722 0.0080718 0.0085810 0.0085809 0.0005837 0.0084793 0.0089078 0.0088386 0.0087862 0.0083815 0.0082781 0.0042354 0.0084833 0.0089076 0.0000971 0.0000010 0.0089076 0.0083815 0.0000971 0.0000000 0.0083817 0.0084399 0.0083834 0.0085929 0.0079433 0.0081455 0.0078365 0.0084384 0.0084039 0.0086915 0.7953989 0.0034393 0.0041416 0.7937921 0.7937921 
OZ261149_2024-08-21 0.0013642 0.0010709 0.0009784 0.0013097 0.0014615 0.0011917 0.0012661 0.0011682 0.0088850 0.0094057 0.0014615 0.0017566 0.0094057 0.0020111 0.0015607 0.0010709 0.0014612 0.0009731 0.0009731 0.0009737 0.0016571 0.0009734 0.0066390 0.0007781 0.0007781 0.0010709 0.0013635 0.0013635 0.0088889 0.0014612 0.0015605 0.0012927 0.0011680 0.0007781 0.0006806 0.0066360 0.0004858 0.0013649 0.0083751 0.0083929 0.0013649 0.0007781 0.0083751 0.0083817 0.0000000 0.0011767 0.0011689 0.0015610 0.0007334 0.0010934 0.0009186 0.0017882 0.0009705 0.0015970 0.7891584 0.0060325 0.0065446 0.7881004 0.7881004 
PP482818_2023-08-03 0.0013734 0.0010781 0.0010840 0.0014210 0.0014715 0.0012000 0.0012747 0.0011762 0.0089467 0.0093685 0.0014715 0.0017685 0.0093685 0.0020268 0.0015714 0.0010782 0.0014712 0.0009797 0.0009797 0.0009803 0.0016684 0.0009800 0.0068904 0.0007834 0.0007834 0.0010781 0.0013728 0.0013728 0.0089508 0.0014712 0.0018674 0.0017391 0.0015699 0.0011766 0.0010781 0.0068873 0.0012750 0.0017690 0.0084323 0.0084513 0.0017690 0.0011766 0.0084323 0.0084399 0.0011767 0.0000000 0.0000010 0.0003912 0.0008387 0.0011010 0.0010214 0.0018006 0.0011876 0.0016082 0.7979389 0.0062788 0.0067955 0.7972856 0.7972856 
PP482819_2023-08-03 0.0013644 0.0010711 0.0010769 0.0014113 0.0014618 0.0011920 0.0012663 0.0011685 0.0088868 0.0094077 0.0014618 0.0017569 0.0094077 0.0020115 0.0015610 0.0010711 0.0014615 0.0009733 0.0009733 0.0009739 0.0016575 0.0009736 0.0068444 0.0007783 0.0007783 0.0010711 0.0013638 0.0013638 0.0088908 0.0014615 0.0019535 0.0017264 0.0015596 0.0011689 0.0010710 0.0068413 0.0012666 0.0017574 0.0083768 0.0083946 0.0017574 0.0011689 0.0083768 0.0083834 0.0011689 0.0000010 0.0000000 0.0003887 0.0008387 0.0010936 0.0010214 0.0017885 0.0011876 0.0015974 0.7894481 0.0062369 0.0067500 0.7883918 0.7883918 
PP482820_2023-08-03 0.0017570 0.0014628 0.0014708 0.0018175 0.0018545 0.0015918 0.0016586 0.0015604 0.0090969 0.0096189 0.0018545 0.0021507 0.0096189 0.0024629 0.0019543 0.0014628 0.0018541 0.0013647 0.0013647 0.0013656 0.0020506 0.0013651 0.0072536 0.0011693 0.0011693 0.0014628 0.0017561 0.0017561 0.0091010 0.0018541 0.0023479 0.0021618 0.0019525 0.0015610 0.0014628 0.0072503 0.0016589 0.0021513 0.0085861 0.0086044 0.0021513 0.0015610 0.0085861 0.0085929 0.0015610 0.0003912 0.0003887 0.0000000 0.0010495 0.0007946 0.0012268 0.0014891 0.0014049 0.0012967 0.7889022 0.0066433 0.0071584 0.7878455 0.7878455 
PP482821_2023-07-25 0.0010488 0.0007334 0.0007334 0.0010766 0.0011536 0.0008547 0.0009434 0.0008382 0.0084844 0.0089340 0.0011536 0.0014706 0.0089340 0.0017025 0.0010490 0.0006284 0.0010482 0.0006284 0.0006284 0.0006288 0.0013640 0.0005237 0.0065105 0.0004187 0.0004187 0.0007334 0.0010482 0.0009432 0.0084885 0.0011533 0.0015762 0.0012874 0.0011536 0.0008385 0.0007334 0.0063992 0.0008384 0.0014711 0.0079366 0.0079547 0.0014711 0.0008385 0.0079366 0.0079433 0.0007334 0.0008387 0.0008387 0.0010495 0.0000000 0.0001069 0.0006289 0.0012821 0.0007571 0.0009657 0.7979199 0.0058564 0.0065166 0.7976361 0.7976361 
PP482822_2023-07-25 0.0012928 0.0009935 0.0009990 0.0013381 0.0013922 0.0011153 0.0011927 0.0010929 0.0085553 0.0091899 0.0013922 0.0016932 0.0091899 0.0019443 0.0014933 0.0008940 0.0013919 0.0008938 0.0008938 0.0008944 0.0015918 0.0008940 0.0068852 0.0006949 0.0006949 0.0009935 0.0012922 0.0012921 0.0086629 0.0013919 0.0017937 0.0015444 0.0014919 0.0010933 0.0009935 0.0068821 0.0011930 0.0015937 0.0081390 0.0081566 0.0015937 0.0010933 0.0081390 0.0081455 0.0010934 0.0011010 0.0010936 0.0007946 0.0001069 0.0000000 0.0007298 0.0010947 0.0008826 0.0008965 0.7890114 0.0062651 0.0066861 0.7876998 0.7876998 
PP482823_2023-07-25 0.0012260 0.0009186 0.0009205 0.0012655 0.0013281 0.0010407 0.0011233 0.0010207 0.0083633 0.0088006 0.0013281 0.0016373 0.0088006 0.0017689 0.0013291 0.0008162 0.0010207 0.0008162 0.0008162 0.0008167 0.0013281 0.0007142 0.0064422 0.0006119 0.0006119 0.0009186 0.0012254 0.0012254 0.0083672 0.0013278 0.0017402 0.0014778 0.0014306 0.0010211 0.0009186 0.0064392 0.0010210 0.0016378 0.0078301 0.0078475 0.0016378 0.0010211 0.0078301 0.0078365 0.0009186 0.0010214 0.0010214 0.0012268 0.0006289 0.0007298 0.0000000 0.0008304 0.0009710 0.0011496 0.7961690 0.0058055 0.0064480 0.7954804 0.7954804 
PP482824_2023-07-25 0.0019878 0.0016881 0.0016974 0.0020575 0.0020871 0.0018214 0.0018875 0.0017874 0.0088476 0.0094821 0.0020871 0.0023890 0.0094821 0.0026281 0.0021890 0.0015884 0.0015881 0.0015881 0.0015881 0.0015891 0.0018875 0.0014889 0.0071794 0.0013890 0.0013890 0.0016881 0.0019868 0.0019868 0.0089553 0.0020866 0.0024899 0.0020937 0.0021869 0.0017881 0.0016880 0.0071761 0.0018879 0.0022896 0.0084316 0.0084499 0.0022896 0.0017881 0.0084316 0.0084384 0.0017882 0.0018006 0.0017885 0.0014891 0.0012821 0.0010947 0.0008304 0.0000000 0.0016512 0.0015967 0.7835594 0.0065585 0.0069807 0.7822382 0.7822382 
PP482825_2023-08-24 0.0014039 0.0010789 0.0010789 0.0013283 0.0015118 0.0012108 0.0012952 0.0010786 0.0089615 0.0093106 0.0014035 0.0018390 0.0093106 0.0020072 0.0014043 0.0009705 0.0014032 0.0009705 0.0009705 0.0009712 0.0017287 0.0008627 0.0067010 0.0007545 0.0007545 0.0010789 0.0014032 0.0012949 0.0089660 0.0015115 0.0018387 0.0015713 0.0015115 0.0010788 0.0009705 0.0065863 0.0010786 0.0017305 0.0083966 0.0084163 0.0017305 0.0010788 0.0083966 0.0084039 0.0009705 0.0011876 0.0011876 0.0014049 0.0007571 0.0008826 0.0009710 0.0016512 0.0000000 0.0001102 0.7934951 0.0061383 0.0067036 0.7949621 0.7949621 
PP482826_2023-08-24 0.0017976 0.0014966 0.0014040 0.0017567 0.0018973 0.0016255 0.0016968 0.0015964 0.0091031 0.0097419 0.0018973 0.0022004 0.0097419 0.0024128 0.0019995 0.0013965 0.0017967 0.0013962 0.0013962 0.0013971 0.0020980 0.0012965 0.0074239 0.0011962 0.0011962 0.0014966 0.0017967 0.0017967 0.0092116 0.0018969 0.0023016 0.0021058 0.0019976 0.0015970 0.0014965 0.0074206 0.0016972 0.0021005 0.0086845 0.0087034 0.0021005 0.0015970 0.0086845 0.0086915 0.0015970 0.0016082 0.0015974 0.0012967 0.0009657 0.0008965 0.0011496 0.0015967 0.0001102 0.0000000 0.7858467 0.0067990 0.0072232 0.7845264 0.7845264 
MT863559_2015-10-03 0.7886482 0.7871956 0.7864066 0.7883089 0.7879536 0.7860354 0.7872029 0.7872261 0.7970089 0.7981237 0.7872566 0.7899535 0.7981237 0.7766533 0.7884062 0.7891580 0.7880316 0.7882933 0.7882933 0.7866209 0.7892245 0.7898623 0.7939275 0.7888510 0.7888510 0.7880988 0.7866899 0.7874363 0.7976538 0.7876813 0.7908596 0.8088258 0.7896228 0.7889240 0.7884955 0.7926440 0.7899926 0.7908670 0.7964542 0.7944143 0.7908670 0.7880625 0.7964542 0.7953989 0.7891584 0.7979389 0.7894481 0.7889022 0.7979199 0.7890114 0.7961690 0.7835594 0.7934951 0.7858467 0.0000000 0.7926451 0.7972722 0.0154457 0.0154457 
MT863560_2018-09-08 0.0064367 0.0061340 0.0061677 0.0065575 0.0065353 0.0062567 0.0063345 0.0062329 0.0041327 0.0044342 0.0063345 0.0068433 0.0044342 0.0073882 0.0066420 0.0061340 0.0057319 0.0060325 0.0060325 0.0060363 0.0063346 0.0060342 0.0017572 0.0058321 0.0058321 0.0059310 0.0064334 0.0064334 0.0039343 0.0063331 0.0065470 0.0065725 0.0064321 0.0060324 0.0059309 0.0015596 0.0061328 0.0065469 0.0034366 0.0034438 0.0065469 0.0060324 0.0034366 0.0034393 0.0060325 0.0062788 0.0062369 0.0066433 0.0058564 0.0062651 0.0058055 0.0065585 0.0061383 0.0067990 0.7926451 0.0000000 0.0014638 0.7917997 0.7917997 
MT863561_2018-10-06 0.0069505 0.0066465 0.0066832 0.0069816 0.0070493 0.0067799 0.0068478 0.0067457 0.0048385 0.0051421 0.0068478 0.0073600 0.0051421 0.0076278 0.0071569 0.0066465 0.0062428 0.0065445 0.0065445 0.0065487 0.0068479 0.0065464 0.0022513 0.0063434 0.0063434 0.0064425 0.0069470 0.0069469 0.0046390 0.0068462 0.0070620 0.0072531 0.0069455 0.0065444 0.0064425 0.0020524 0.0066452 0.0070619 0.0041384 0.0041471 0.0070619 0.0065444 0.0041384 0.0041416 0.0065446 0.0067955 0.0067500 0.0071584 0.0065166 0.0066861 0.0064480 0.0069807 0.0067036 0.0072232 0.7972722 0.0014638 0.0000000 0.7964340 0.7964340 
DQ786572_2004-10-18 0.7875897 0.7861337 0.7857129 0.7882577 0.7868925 0.7846363 0.7861410 0.7861649 0.7945391 0.7968708 0.7861959 0.7888971 0.7968708 0.7754632 0.7881006 0.7880996 0.7869724 0.7880985 0.7880985 0.7855586 0.7881670 0.7888068 0.7930828 0.7877929 0.7877929 0.7861753 0.7856276 0.7863748 0.7960456 0.7866219 0.7896985 0.8075880 0.7885662 0.7878674 0.7874376 0.7919011 0.7889369 0.7897059 0.7948473 0.7928070 0.7897059 0.7870034 0.7948473 0.7937921 0.7881004 0.7972856 0.7883918 0.7878455 0.7976361 0.7876998 0.7954804 0.7822382 0.7949621 0.7845264 0.0154457 0.7917997 0.7964340 0.0000000 0.0000010 
DQ786573_2004-10-21 0.7875897 0.7861337 0.7857129 0.7882577 0.7868925 0.7846363 0.7861410 0.7861649 0.7945391 0.7968708 0.7861959 0.7888971 0.7968708 0.7754632 0.7881006 0.7880996 0.7869724 0.7880985 0.7880985 0.7855586 0.7881670 0.7888068 0.7930828 0.7877929 0.7877929 0.7861753 0.7856276 0.7863748 0.7960456 0.7866219 0.7896985 0.8075880 0.7885662 0.7878674 0.7874376 0.7919011 0.7889369 0.7897059 0.7948473 0.7928070 0.7897059 0.7870034 0.7948473 0.7937921 0.7881004 0.7972856 0.7883918 0.7878455 0.7976361 0.7876998 0.7954804 0.7822382 0.7949621 0.7845264 0.0154457 0.7917997 0.7964340 0.0000010 0.0000000 
