56
OZ372082_2025-09-12 0.0000000 0.0006811 0.0006847 0.0012097 0.0002915 0.0001982 0.0000971 0.0009736 0.0089670 0.0094981 0.0016592 0.0013664 0.0094981 0.0016764 0.0017592 0.0012675 0.0016589 0.0011694 0.0011694 0.0011701 0.0018565 0.0011698 0.0070856 0.0009740 0.0009740 0.0012675 0.0015608 0.0015608 0.0089712 0.0016588 0.0021542 0.0016185 0.0017572 0.0013656 0.0012675 0.0070878 0.0014636 0.0019572 0.0084490 0.0084669 0.0019572 0.0013656 0.0084490 0.0084558 0.0013657 0.0013753 0.0013663 0.0017595 0.0010495 0.0012943 0.0012269 0.0019920 0.0014049 0.0018011 0.0064728 0.0069927 
OZ372083_2025-07-23 0.0006811 0.0000000 0.0000010 0.0007044 0.0005835 0.0004958 0.0005835 0.0004860 0.0088607 0.0093911 0.0013649 0.0008769 0.0093911 0.0010033 0.0014644 0.0009739 0.0013646 0.0008761 0.0008761 0.0008766 0.0015608 0.0008764 0.0067782 0.0006810 0.0006810 0.0009739 0.0012668 0.0012668 0.0088648 0.0013646 0.0018582 0.0015102 0.0014628 0.0010718 0.0009739 0.0067803 0.0011696 0.0016608 0.0083432 0.0083609 0.0016608 0.0010718 0.0083432 0.0083499 0.0010718 0.0010794 0.0010723 0.0014647 0.0007338 0.0009945 0.0009192 0.0016911 0.0010794 0.0014983 0.0061667 0.0066851 
OZ372084_2025-07-23 0.0006847 0.0000010 0.0000000 0.0007044 0.0005866 0.0004985 0.0005866 0.0004886 0.0089099 0.0094434 0.0013723 0.0008816 0.0094434 0.0010095 0.0014722 0.0009791 0.0013720 0.0008808 0.0008808 0.0008813 0.0015692 0.0008811 0.0068154 0.0006847 0.0006847 0.0009791 0.0012736 0.0012736 0.0089141 0.0013719 0.0018682 0.0015191 0.0014706 0.0010776 0.0009791 0.0068175 0.0010774 0.0016697 0.0083895 0.0084073 0.0016697 0.0010776 0.0083895 0.0083963 0.0009791 0.0010852 0.0010781 0.0014726 0.0007338 0.0009999 0.0009210 0.0017004 0.0010794 0.0014054 0.0062005 0.0067219 
OZ372085_2025-08-18 0.0012097 0.0007044 0.0007044 0.0000000 0.0011082 0.0009248 0.0011082 0.0002009 0.0092851 0.0098360 0.0016149 0.0014134 0.0098360 0.0015088 0.0018197 0.0013110 0.0017159 0.0012096 0.0012096 0.0012103 0.0019204 0.0012100 0.0072291 0.0010074 0.0010074 0.0013110 0.0016145 0.0016145 0.0091803 0.0017159 0.0021265 0.0019072 0.0018177 0.0014126 0.0013110 0.0072314 0.0014123 0.0020246 0.0087483 0.0087675 0.0020246 0.0014126 0.0087483 0.0087556 0.0013110 0.0014229 0.0014133 0.0018202 0.0010773 0.0013398 0.0012666 0.0020619 0.0013294 0.0017601 0.0065947 0.0070248 
OZ372086_2025-09-12 0.0002915 0.0005835 0.0005866 0.0011082 0.0000000 0.0002973 0.0001942 0.0008757 0.0090674 0.0095987 0.0017568 0.0012681 0.0095987 0.0015636 0.0018579 0.0013649 0.0017564 0.0012669 0.0012669 0.0012675 0.0019542 0.0012672 0.0071861 0.0010714 0.0010714 0.0013649 0.0016583 0.0016583 0.0090716 0.0017563 0.0022521 0.0018364 0.0018559 0.0014631 0.0013649 0.0071883 0.0015611 0.0020550 0.0085493 0.0085674 0.0020550 0.0014631 0.0085493 0.0085562 0.0014631 0.0014735 0.0014638 0.0018583 0.0011544 0.0013938 0.0013291 0.0020916 0.0015129 0.0019011 0.0065721 0.0070923 
OZ372087_2025-09-12 0.0001982 0.0004958 0.0004985 0.0009248 0.0002973 0.0000000 0.0000990 0.0007937 0.0087242 0.0092646 0.0014921 0.0011936 0.0092646 0.0014848 0.0015937 0.0010930 0.0013919 0.0009932 0.0009932 0.0007943 0.0016930 0.0008939 0.0069155 0.0007941 0.0007941 0.0010930 0.0013919 0.0013919 0.0087284 0.0014917 0.0019960 0.0015436 0.0015919 0.0011929 0.0010930 0.0069177 0.0012927 0.0017953 0.0081970 0.0082147 0.0017953 0.0011929 0.0081970 0.0082037 0.0011930 0.0012015 0.0011935 0.0015940 0.0008553 0.0011166 0.0010415 0.0018251 0.0012117 0.0016276 0.0062915 0.0068207 
OZ372088_2025-09-12 0.0000971 0.0005835 0.0005866 0.0011082 0.0001942 0.0000990 0.0000000 0.0008757 0.0088607 0.0093911 0.0015608 0.0012681 0.0093911 0.0015636 0.0016605 0.0011693 0.0015604 0.0010714 0.0010714 0.0010719 0.0017568 0.0010717 0.0069815 0.0008761 0.0008761 0.0011693 0.0014625 0.0014625 0.0088648 0.0015604 0.0020550 0.0016185 0.0016587 0.0012674 0.0011693 0.0069837 0.0013652 0.0018582 0.0083433 0.0083609 0.0018582 0.0012674 0.0083433 0.0083499 0.0012674 0.0012763 0.0012680 0.0016609 0.0009440 0.0011941 0.0011240 0.0018912 0.0012961 0.0017000 0.0063693 0.0068886 
OZ372089_2025-08-18 0.0009736 0.0004860 0.0004886 0.0002009 0.0008757 0.0007937 0.0008757 0.0000000 0.0089620 0.0094927 0.0014625 0.0011700 0.0094927 0.0013391 0.0015621 0.0010714 0.0014622 0.0009735 0.0009735 0.0009740 0.0016584 0.0009738 0.0068783 0.0007784 0.0007784 0.0010714 0.0013643 0.0013643 0.0089662 0.0014622 0.0019562 0.0016181 0.0015604 0.0011693 0.0010714 0.0068804 0.0012671 0.0017586 0.0084444 0.0084622 0.0017586 0.0011693 0.0084444 0.0084511 0.0011693 0.0011776 0.0011699 0.0015624 0.0008387 0.0010940 0.0010214 0.0017908 0.0010792 0.0015982 0.0062666 0.0067853 
OZ372090_2025-10-04 0.0089670 0.0088607 0.0089099 0.0092851 0.0090674 0.0087242 0.0088607 0.0089620 0.0000000 0.0018591 0.0090675 0.0095975 0.0018591 0.0103117 0.0093886 0.0088608 0.0084461 0.0087556 0.0087556 0.0087605 0.0090677 0.0087586 0.0051675 0.0085493 0.0085493 0.0086504 0.0091685 0.0091684 0.0011698 0.0090651 0.0095153 0.0093664 0.0093777 0.0089660 0.0088606 0.0049638 0.0090697 0.0095153 0.0006810 0.0007801 0.0095153 0.0089660 0.0006810 0.0007791 0.0089662 0.0090316 0.0089706 0.0091835 0.0085611 0.0086328 0.0084385 0.0089295 0.0090447 0.0091894 0.0041551 0.0048678 
OZ313201_2025-08-06 0.0094981 0.0093911 0.0094434 0.0098360 0.0095987 0.0092646 0.0093911 0.0094927 0.0018591 0.0000000 0.0095988 0.0101318 0.0000010 0.0108072 0.0099220 0.0093912 0.0089746 0.0092854 0.0092854 0.0092907 0.0095991 0.0092886 0.0054754 0.0090782 0.0090782 0.0091796 0.0097001 0.0097000 0.0016616 0.0095962 0.0100503 0.0099547 0.0099103 0.0094970 0.0093910 0.0052711 0.0096011 0.0100503 0.0011706 0.0012711 0.0100503 0.0094970 0.0011706 0.0012695 0.0094972 0.0094622 0.0095019 0.0097161 0.0090196 0.0092794 0.0088844 0.0095762 0.0094011 0.0098408 0.0044598 0.0051750 
OZ313202_2023-09-12 0.0016592 0.0013649 0.0013723 0.0016149 0.0017568 0.0014921 0.0015608 0.0014625 0.0090675 0.0095988 0.0000000 0.0020549 0.0095988 0.0023526 0.0018579 0.0013650 0.0017564 0.0012669 0.0012669 0.0012675 0.0019543 0.0012673 0.0069816 0.0010714 0.0010714 0.0013650 0.0016583 0.0016583 0.0090718 0.0017563 0.0022521 0.0017269 0.0018559 0.0014631 0.0013649 0.0067804 0.0015611 0.0020551 0.0085494 0.0085675 0.0020551 0.0014631 0.0085494 0.0085563 0.0014632 0.0014735 0.0014638 0.0018583 0.0011544 0.0013938 0.0013291 0.0020916 0.0014045 0.0019012 0.0063694 0.0068887 
OZ313212_2025-08-04 0.0013664 0.0008769 0.0008816 0.0014134 0.0012681 0.0011936 0.0012681 0.0011700 0.0095975 0.0101318 0.0020549 0.0000000 0.0101318 0.0007792 0.0021557 0.0016607 0.0020544 0.0015623 0.0015623 0.0015631 0.0022520 0.0015628 0.0075015 0.0013663 0.0013663 0.0016607 0.0019560 0.0019560 0.0096020 0.0020544 0.0025511 0.0022744 0.0021533 0.0017592 0.0016607 0.0075038 0.0018585 0.0023534 0.0090771 0.0090963 0.0023534 0.0017592 0.0090771 0.0090844 0.0017592 0.0017717 0.0017600 0.0021561 0.0014723 0.0016959 0.0016404 0.0023954 0.0018423 0.0022059 0.0068854 0.0074088 
OZ313260_2025-07-18 0.0094981 0.0093911 0.0094434 0.0098360 0.0095987 0.0092646 0.0093911 0.0094927 0.0018591 0.0000010 0.0095988 0.0101318 0.0000000 0.0108072 0.0099220 0.0093912 0.0089746 0.0092854 0.0092854 0.0092907 0.0095991 0.0092886 0.0054754 0.0090782 0.0090782 0.0091796 0.0097001 0.0097000 0.0016616 0.0095962 0.0100503 0.0099547 0.0099103 0.0094970 0.0093910 0.0052711 0.0096011 0.0100503 0.0011706 0.0012711 0.0100503 0.0094970 0.0011706 0.0012695 0.0094972 0.0094622 0.0095019 0.0097161 0.0090196 0.0092794 0.0088844 0.0095762 0.0094011 0.0098408 0.0044598 0.0051750 
OZ313271_2025-07-26 0.0016764 0.0010033 0.0010095 0.0015088 0.0015636 0.0014848 0.0015636 0.0013391 0.0103117 0.0108072 0.0023526 0.0007792 0.0108072 0.0000000 0.0023555 0.0019013 0.0022383 0.0015640 0.0015640 0.0017896 0.0024656 0.0017891 0.0080240 0.0015640 0.0015640 0.0019013 0.0021252 0.0021252 0.0103174 0.0021252 0.0025821 0.0023912 0.0023520 0.0017885 0.0017885 0.0080222 0.0020143 0.0024690 0.0097138 0.0097374 0.0024690 0.0019013 0.0097138 0.0097227 0.0020143 0.0020306 0.0020154 0.0024691 0.0017046 0.0019476 0.0017710 0.0026349 0.0020097 0.0024186 0.0074337 0.0076779 
PV246180_2023-07-17 0.0017592 0.0014644 0.0014722 0.0018197 0.0018579 0.0015937 0.0016605 0.0015621 0.0093886 0.0099220 0.0018579 0.0021557 0.0099220 0.0023555 0.0000000 0.0014644 0.0018575 0.0013661 0.0013661 0.0013668 0.0020547 0.0013665 0.0072962 0.0011703 0.0011703 0.0014644 0.0015621 0.0017582 0.0093931 0.0018574 0.0023532 0.0021657 0.0019562 0.0015627 0.0014644 0.0072985 0.0016609 0.0021558 0.0088690 0.0088878 0.0021558 0.0015627 0.0088690 0.0088761 0.0015628 0.0015738 0.0015635 0.0019587 0.0010499 0.0014954 0.0013303 0.0021942 0.0014055 0.0020040 0.0066811 0.0072024 
PV246181_2023-09-27 0.0012675 0.0009739 0.0009791 0.0013110 0.0013649 0.0010930 0.0011693 0.0010714 0.0088608 0.0093912 0.0013650 0.0016607 0.0093912 0.0019013 0.0014644 0.0000000 0.0013647 0.0008761 0.0008761 0.0008766 0.0015608 0.0008764 0.0067783 0.0006811 0.0006811 0.0009739 0.0012668 0.0012668 0.0088649 0.0013646 0.0018582 0.0015102 0.0014628 0.0010718 0.0009739 0.0067803 0.0011696 0.0016608 0.0083433 0.0083610 0.0016608 0.0010718 0.0083433 0.0083500 0.0010718 0.0010794 0.0010723 0.0014647 0.0006286 0.0008948 0.0008166 0.0015912 0.0009710 0.0013981 0.0061668 0.0066852 
PV246182_2023-09-23 0.0016589 0.0013646 0.0013720 0.0017159 0.0017564 0.0013919 0.0015604 0.0014622 0.0084461 0.0089746 0.0017564 0.0020544 0.0089746 0.0022383 0.0018575 0.0013647 0.0000000 0.0012666 0.0012666 0.0012672 0.0015605 0.0012670 0.0063708 0.0010712 0.0010712 0.0013647 0.0016580 0.0016580 0.0084501 0.0017569 0.0022516 0.0020538 0.0018555 0.0014628 0.0013646 0.0063727 0.0015608 0.0020546 0.0079301 0.0079468 0.0020546 0.0014628 0.0079301 0.0079364 0.0014628 0.0014732 0.0014635 0.0018579 0.0010489 0.0013935 0.0010214 0.0015908 0.0014041 0.0018001 0.0057609 0.0062773 
PV246183_2023-10-03 0.0011694 0.0008761 0.0008808 0.0012096 0.0012669 0.0009932 0.0010714 0.0009735 0.0087556 0.0092854 0.0012669 0.0015623 0.0092854 0.0015640 0.0013661 0.0008761 0.0012666 0.0000000 0.0000010 0.0007788 0.0014626 0.0007786 0.0066752 0.0005835 0.0005835 0.0008761 0.0011688 0.0011688 0.0087597 0.0012666 0.0017586 0.0015102 0.0013646 0.0009739 0.0008761 0.0066773 0.0010716 0.0015624 0.0082386 0.0082560 0.0015624 0.0009739 0.0082386 0.0082452 0.0009739 0.0009808 0.0009744 0.0013664 0.0006286 0.0008946 0.0008167 0.0015909 0.0009710 0.0013978 0.0060642 0.0065821 
PV246184_2023-10-03 0.0011694 0.0008761 0.0008808 0.0012096 0.0012669 0.0009932 0.0010714 0.0009735 0.0087556 0.0092854 0.0012669 0.0015623 0.0092854 0.0015640 0.0013661 0.0008761 0.0012666 0.0000010 0.0000000 0.0007788 0.0014626 0.0007786 0.0066752 0.0005835 0.0005835 0.0008761 0.0011688 0.0011688 0.0087597 0.0012666 0.0017586 0.0015102 0.0013646 0.0009739 0.0008761 0.0066773 0.0010716 0.0015624 0.0082386 0.0082560 0.0015624 0.0009739 0.0082386 0.0082452 0.0009739 0.0009808 0.0009744 0.0013664 0.0006286 0.0008946 0.0008167 0.0015909 0.0009710 0.0013978 0.0060642 0.0065821 
PV246185_2023-08-14 0.0011701 0.0008766 0.0008813 0.0012103 0.0012675 0.0007943 0.0010719 0.0009740 0.0087605 0.0092907 0.0012675 0.0015631 0.0092907 0.0017896 0.0013668 0.0008766 0.0012672 0.0007788 0.0007788 0.0000000 0.0014633 0.0007790 0.0066789 0.0005838 0.0005838 0.0008766 0.0011694 0.0011694 0.0087646 0.0012672 0.0017595 0.0015111 0.0013653 0.0009744 0.0008766 0.0066810 0.0010722 0.0015632 0.0082432 0.0082606 0.0015632 0.0009744 0.0082432 0.0082498 0.0009744 0.0009813 0.0009749 0.0013671 0.0006290 0.0008951 0.0008171 0.0015917 0.0009715 0.0013985 0.0060676 0.0065857 
PV246186_2023-08-11 0.0018565 0.0015608 0.0015692 0.0019204 0.0019542 0.0016930 0.0017568 0.0016584 0.0090677 0.0095991 0.0019543 0.0022520 0.0095991 0.0024656 0.0020547 0.0015608 0.0015605 0.0014626 0.0014626 0.0014633 0.0000000 0.0014630 0.0069818 0.0012669 0.0012669 0.0015608 0.0018556 0.0018555 0.0090720 0.0019538 0.0024494 0.0021633 0.0020525 0.0016591 0.0015608 0.0069839 0.0017572 0.0022522 0.0085496 0.0085677 0.0022522 0.0016591 0.0085496 0.0085565 0.0016592 0.0016709 0.0016599 0.0020552 0.0013651 0.0015938 0.0013292 0.0018913 0.0017312 0.0021026 0.0063696 0.0068889 
PV246187_2023-07-03 0.0011698 0.0008764 0.0008811 0.0012100 0.0012672 0.0008939 0.0010717 0.0009738 0.0087586 0.0092886 0.0012673 0.0015628 0.0092886 0.0017891 0.0013665 0.0008764 0.0012670 0.0007786 0.0007786 0.0007790 0.0014630 0.0000000 0.0066774 0.0003887 0.0003887 0.0008764 0.0011692 0.0011692 0.0087627 0.0012669 0.0017591 0.0015107 0.0013651 0.0009742 0.0008764 0.0066795 0.0010720 0.0015629 0.0082414 0.0082588 0.0015629 0.0009742 0.0082414 0.0082480 0.0009742 0.0009811 0.0009747 0.0013668 0.0005239 0.0008949 0.0007146 0.0014905 0.0008631 0.0012980 0.0060662 0.0065842 
PV054409_2023-09-15 0.0070856 0.0067782 0.0068154 0.0072291 0.0071861 0.0069155 0.0069815 0.0068783 0.0051675 0.0054754 0.0069816 0.0075015 0.0054754 0.0080240 0.0072962 0.0067783 0.0063708 0.0066752 0.0066752 0.0066789 0.0069818 0.0066774 0.0000000 0.0064723 0.0064723 0.0065722 0.0070816 0.0070815 0.0049659 0.0069798 0.0072078 0.0071719 0.0070799 0.0066751 0.0065721 0.0017602 0.0067768 0.0072078 0.0044599 0.0044692 0.0072078 0.0066751 0.0044599 0.0044634 0.0066752 0.0069312 0.0068848 0.0072979 0.0065451 0.0069250 0.0064766 0.0072221 0.0067362 0.0074697 0.0017589 0.0022557 
PV054410_2023-07-27 0.0009740 0.0006810 0.0006847 0.0010074 0.0010714 0.0007941 0.0008761 0.0007784 0.0085493 0.0090782 0.0010714 0.0013663 0.0090782 0.0015640 0.0011703 0.0006811 0.0010712 0.0005835 0.0005835 0.0005838 0.0012669 0.0003887 0.0064723 0.0000000 0.0000010 0.0006811 0.0009735 0.0009735 0.0085533 0.0010711 0.0015624 0.0012937 0.0011691 0.0007787 0.0006810 0.0064742 0.0008763 0.0013664 0.0080329 0.0080499 0.0013664 0.0007787 0.0080329 0.0080394 0.0007787 0.0007842 0.0007791 0.0011706 0.0004188 0.0006954 0.0006122 0.0013904 0.0007548 0.0011974 0.0058620 0.0063789 
PV054411_2023-07-27 0.0009740 0.0006810 0.0006847 0.0010074 0.0010714 0.0007941 0.0008761 0.0007784 0.0085493 0.0090782 0.0010714 0.0013663 0.0090782 0.0015640 0.0011703 0.0006811 0.0010712 0.0005835 0.0005835 0.0005838 0.0012669 0.0003887 0.0064723 0.0000010 0.0000000 0.0006811 0.0009735 0.0009735 0.0085533 0.0010711 0.0015624 0.0012937 0.0011691 0.0007787 0.0006810 0.0064742 0.0008763 0.0013664 0.0080329 0.0080499 0.0013664 0.0007787 0.0080329 0.0080394 0.0007787 0.0007842 0.0007791 0.0011706 0.0004188 0.0006954 0.0006122 0.0013904 0.0007548 0.0011974 0.0058620 0.0063789 
PV054415_2023-08-27 0.0012675 0.0009739 0.0009791 0.0013110 0.0013649 0.0010930 0.0011693 0.0010714 0.0086504 0.0091796 0.0013650 0.0016607 0.0091796 0.0019013 0.0014644 0.0009739 0.0013647 0.0008761 0.0008761 0.0008766 0.0015608 0.0008764 0.0065722 0.0006811 0.0006811 0.0000000 0.0012668 0.0012668 0.0086544 0.0013646 0.0018582 0.0016189 0.0014628 0.0010718 0.0009739 0.0065742 0.0011696 0.0016608 0.0081338 0.0081510 0.0016608 0.0010718 0.0081338 0.0081404 0.0010718 0.0010794 0.0010723 0.0014647 0.0007338 0.0009945 0.0009192 0.0016912 0.0010794 0.0014983 0.0059617 0.0064790 
PV054416_2024-09-12 0.0015608 0.0012668 0.0012736 0.0016145 0.0016583 0.0013919 0.0014625 0.0013643 0.0091685 0.0097001 0.0016583 0.0019560 0.0097001 0.0021252 0.0015621 0.0012668 0.0016580 0.0011688 0.0011688 0.0011694 0.0018556 0.0011692 0.0070816 0.0009735 0.0009735 0.0012668 0.0000000 0.0001942 0.0091728 0.0006809 0.0021530 0.0019451 0.0017563 0.0013649 0.0012668 0.0070837 0.0014628 0.0019562 0.0086503 0.0086686 0.0019562 0.0013649 0.0086503 0.0086572 0.0013649 0.0013746 0.0013656 0.0017586 0.0010489 0.0012936 0.0012263 0.0019909 0.0014041 0.0018001 0.0064691 0.0069888 
PV054417_2024-09-12 0.0015608 0.0012668 0.0012736 0.0016145 0.0016583 0.0013919 0.0014625 0.0013643 0.0091684 0.0097000 0.0016583 0.0019560 0.0097000 0.0021252 0.0017582 0.0012668 0.0016580 0.0011688 0.0011688 0.0011694 0.0018555 0.0011692 0.0070815 0.0009735 0.0009735 0.0012668 0.0001942 0.0000000 0.0091727 0.0006809 0.0021530 0.0019450 0.0017563 0.0013649 0.0012668 0.0070836 0.0014628 0.0019561 0.0086502 0.0086685 0.0019561 0.0013649 0.0086502 0.0086571 0.0013649 0.0013745 0.0013655 0.0017586 0.0009437 0.0012936 0.0012262 0.0019909 0.0012957 0.0018001 0.0064691 0.0069887 
PV054418_2024-09-17 0.0089712 0.0088648 0.0089141 0.0091803 0.0090716 0.0087284 0.0088648 0.0089662 0.0011698 0.0016616 0.0090718 0.0096020 0.0016616 0.0103174 0.0093931 0.0088649 0.0084501 0.0087597 0.0087597 0.0087646 0.0090720 0.0087627 0.0049659 0.0085533 0.0085533 0.0086544 0.0091728 0.0091727 0.0000000 0.0090693 0.0095198 0.0094884 0.0093821 0.0089702 0.0088647 0.0047626 0.0090739 0.0095198 0.0004862 0.0005848 0.0095198 0.0089702 0.0004862 0.0005840 0.0089704 0.0090359 0.0089749 0.0091878 0.0085654 0.0087423 0.0084426 0.0090391 0.0090494 0.0092999 0.0039550 0.0046664 
PV054419_2024-10-04 0.0016588 0.0013646 0.0013719 0.0017159 0.0017563 0.0014917 0.0015604 0.0014622 0.0090651 0.0095962 0.0017563 0.0020544 0.0095962 0.0021252 0.0018574 0.0013646 0.0017569 0.0012666 0.0012666 0.0012672 0.0019538 0.0012669 0.0069798 0.0010711 0.0010711 0.0013646 0.0006809 0.0006809 0.0090693 0.0000000 0.0020545 0.0018364 0.0018554 0.0014628 0.0013646 0.0069819 0.0015607 0.0020545 0.0085471 0.0085652 0.0020545 0.0014628 0.0085471 0.0085540 0.0014628 0.0014731 0.0014635 0.0018578 0.0011541 0.0013935 0.0013288 0.0020911 0.0015125 0.0019007 0.0063677 0.0068869 
PV054420_2024-09-11 0.0021542 0.0018582 0.0018682 0.0021265 0.0022521 0.0019960 0.0020550 0.0019562 0.0095153 0.0100503 0.0022521 0.0025511 0.0100503 0.0025821 0.0023532 0.0018582 0.0022516 0.0017586 0.0017586 0.0017595 0.0024494 0.0017591 0.0072078 0.0015624 0.0015624 0.0018582 0.0021530 0.0021530 0.0095198 0.0020545 0.0000000 0.0009690 0.0019557 0.0015623 0.0014640 0.0072100 0.0016605 0.0007788 0.0089942 0.0090133 0.0007788 0.0015623 0.0089942 0.0090014 0.0015624 0.0018714 0.0019579 0.0023537 0.0015777 0.0017972 0.0017432 0.0024961 0.0018415 0.0023070 0.0065930 0.0071148 
OZ263593_2024-09-17 0.0016185 0.0015102 0.0015191 0.0019072 0.0018364 0.0015436 0.0016185 0.0016181 0.0093664 0.0099547 0.0017269 0.0022744 0.0099547 0.0023912 0.0021657 0.0015102 0.0020538 0.0015102 0.0015102 0.0015111 0.0021633 0.0015107 0.0071719 0.0012937 0.0012937 0.0016189 0.0019451 0.0019450 0.0094884 0.0018364 0.0009690 0.0000000 0.0017264 0.0012937 0.0011852 0.0071751 0.0014019 0.0007530 0.0089091 0.0089300 0.0007530 0.0012937 0.0089091 0.0089170 0.0012937 0.0017412 0.0017286 0.0021662 0.0012880 0.0015460 0.0014796 0.0020977 0.0015720 0.0021098 0.0066080 0.0072975 
OZ263594_2024-09-13 0.0017572 0.0014628 0.0014706 0.0018177 0.0018559 0.0015919 0.0016587 0.0015604 0.0093777 0.0099103 0.0018559 0.0021533 0.0099103 0.0023520 0.0019562 0.0014628 0.0018555 0.0013646 0.0013646 0.0013653 0.0020525 0.0013651 0.0070799 0.0011691 0.0011691 0.0014628 0.0017563 0.0017563 0.0093821 0.0018554 0.0019557 0.0017264 0.0000000 0.0005833 0.0004859 0.0070821 0.0012668 0.0017582 0.0088586 0.0088774 0.0017582 0.0005833 0.0088586 0.0088658 0.0011691 0.0015721 0.0015618 0.0019566 0.0011544 0.0014937 0.0014317 0.0021918 0.0015125 0.0020017 0.0064677 0.0069872 
OZ263595_2024-08-16 0.0013656 0.0010718 0.0010776 0.0014126 0.0014631 0.0011929 0.0012674 0.0011693 0.0089660 0.0094970 0.0014631 0.0017592 0.0094970 0.0017885 0.0015627 0.0010718 0.0014628 0.0009739 0.0009739 0.0009744 0.0016591 0.0009742 0.0066751 0.0007787 0.0007787 0.0010718 0.0013649 0.0013649 0.0089702 0.0014628 0.0015623 0.0012937 0.0005833 0.0000000 0.0000971 0.0066771 0.0008763 0.0013663 0.0084481 0.0084660 0.0013663 0.0001943 0.0084481 0.0084549 0.0007787 0.0011781 0.0011704 0.0015631 0.0008390 0.0010945 0.0010218 0.0017915 0.0010794 0.0015989 0.0060641 0.0065819 
OZ263596_2024-08-30 0.0012675 0.0009739 0.0009791 0.0013110 0.0013649 0.0010930 0.0011693 0.0010714 0.0088606 0.0093910 0.0013649 0.0016607 0.0093910 0.0017885 0.0014644 0.0009739 0.0013646 0.0008761 0.0008761 0.0008766 0.0015608 0.0008764 0.0065721 0.0006810 0.0006810 0.0009739 0.0012668 0.0012668 0.0088647 0.0013646 0.0014640 0.0011852 0.0004859 0.0000971 0.0000000 0.0065741 0.0007785 0.0012681 0.0083431 0.0083608 0.0012681 0.0000971 0.0083431 0.0083498 0.0006810 0.0010794 0.0010723 0.0014647 0.0007338 0.0009945 0.0009192 0.0016911 0.0009710 0.0014983 0.0059616 0.0064788 
OZ261140_2022-09-30 0.0070878 0.0067803 0.0068175 0.0072314 0.0071883 0.0069177 0.0069837 0.0068804 0.0049638 0.0052711 0.0067804 0.0075038 0.0052711 0.0080222 0.0072985 0.0067803 0.0063727 0.0066773 0.0066773 0.0066810 0.0069839 0.0066795 0.0017602 0.0064742 0.0064742 0.0065742 0.0070837 0.0070836 0.0047626 0.0069819 0.0072100 0.0071751 0.0070821 0.0066771 0.0065741 0.0000000 0.0067789 0.0072100 0.0042575 0.0042664 0.0072100 0.0066771 0.0042575 0.0042609 0.0066773 0.0069333 0.0068869 0.0073001 0.0064379 0.0069272 0.0064786 0.0072244 0.0066259 0.0074720 0.0015621 0.0020576 
OZ261141_2024-09-03 0.0014636 0.0011696 0.0010774 0.0014123 0.0015611 0.0012927 0.0013652 0.0012671 0.0090697 0.0096011 0.0015611 0.0018585 0.0096011 0.0020143 0.0016609 0.0011696 0.0015608 0.0010716 0.0010716 0.0010722 0.0017572 0.0010720 0.0067768 0.0008763 0.0008763 0.0011696 0.0014628 0.0014628 0.0090739 0.0015607 0.0016605 0.0014019 0.0012668 0.0008763 0.0007785 0.0067789 0.0000000 0.0014644 0.0085514 0.0085695 0.0014644 0.0008763 0.0085514 0.0085583 0.0004861 0.0012766 0.0012683 0.0016612 0.0008389 0.0011943 0.0010216 0.0018917 0.0010792 0.0017004 0.0061655 0.0066837 
OZ261142_2024-08-28 0.0019572 0.0016608 0.0016697 0.0020246 0.0020550 0.0017953 0.0018582 0.0017586 0.0095153 0.0100503 0.0020551 0.0023534 0.0100503 0.0024690 0.0021558 0.0016608 0.0020546 0.0015624 0.0015624 0.0015632 0.0022522 0.0015629 0.0072078 0.0013664 0.0013664 0.0016608 0.0019562 0.0019561 0.0095198 0.0020545 0.0007788 0.0007530 0.0017582 0.0013663 0.0012681 0.0072100 0.0014644 0.0000000 0.0089942 0.0090133 0.0000010 0.0013663 0.0089942 0.0090015 0.0013664 0.0017718 0.0017602 0.0021563 0.0014725 0.0015958 0.0016405 0.0022950 0.0017331 0.0021052 0.0065930 0.0071148 
OZ261143_2024-08-23 0.0084490 0.0083432 0.0083895 0.0087483 0.0085493 0.0081970 0.0083433 0.0084444 0.0006810 0.0011706 0.0085494 0.0090771 0.0011706 0.0097138 0.0088690 0.0083433 0.0079301 0.0082386 0.0082386 0.0082432 0.0085496 0.0082414 0.0044599 0.0080329 0.0080329 0.0081338 0.0086503 0.0086502 0.0004862 0.0085471 0.0089942 0.0089091 0.0088586 0.0084481 0.0083431 0.0042575 0.0085514 0.0089942 0.0000000 0.0000973 0.0089942 0.0084481 0.0000010 0.0000971 0.0084483 0.0085098 0.0084525 0.0086643 0.0080049 0.0082101 0.0078973 0.0085069 0.0084708 0.0087639 0.0034534 0.0041612 
OZ261144_2024-08-02 0.0084669 0.0083609 0.0084073 0.0087675 0.0085674 0.0082147 0.0083609 0.0084622 0.0007801 0.0012711 0.0085675 0.0090963 0.0012711 0.0097374 0.0088878 0.0083610 0.0079468 0.0082560 0.0082560 0.0082606 0.0085677 0.0082588 0.0044692 0.0080499 0.0080499 0.0081510 0.0086686 0.0086685 0.0005848 0.0085652 0.0090133 0.0089300 0.0088774 0.0084660 0.0083608 0.0042664 0.0085695 0.0090133 0.0000973 0.0000000 0.0090133 0.0084660 0.0000973 0.0000010 0.0084662 0.0085280 0.0084704 0.0086827 0.0080231 0.0082278 0.0079148 0.0085252 0.0084906 0.0087830 0.0034605 0.0041699 
OZ261145_2024-08-28 0.0019572 0.0016608 0.0016697 0.0020246 0.0020550 0.0017953 0.0018582 0.0017586 0.0095153 0.0100503 0.0020551 0.0023534 0.0100503 0.0024690 0.0021558 0.0016608 0.0020546 0.0015624 0.0015624 0.0015632 0.0022522 0.0015629 0.0072078 0.0013664 0.0013664 0.0016608 0.0019562 0.0019561 0.0095198 0.0020545 0.0007788 0.0007530 0.0017582 0.0013663 0.0012681 0.0072100 0.0014644 0.0000010 0.0089942 0.0090133 0.0000000 0.0013663 0.0089942 0.0090015 0.0013664 0.0017718 0.0017602 0.0021563 0.0014725 0.0015958 0.0016405 0.0022950 0.0017331 0.0021052 0.0065930 0.0071148 
OZ261146_2024-08-29 0.0013656 0.0010718 0.0010776 0.0014126 0.0014631 0.0011929 0.0012674 0.0011693 0.0089660 0.0094970 0.0014631 0.0017592 0.0094970 0.0019013 0.0015627 0.0010718 0.0014628 0.0009739 0.0009739 0.0009744 0.0016591 0.0009742 0.0066751 0.0007787 0.0007787 0.0010718 0.0013649 0.0013649 0.0089702 0.0014628 0.0015623 0.0012937 0.0005833 0.0001943 0.0000971 0.0066771 0.0008763 0.0013663 0.0084481 0.0084660 0.0013663 0.0000000 0.0084481 0.0084549 0.0007787 0.0011781 0.0011704 0.0015631 0.0008390 0.0010945 0.0010218 0.0017915 0.0010794 0.0015989 0.0060641 0.0065819 
OZ261147_2024-08-23 0.0084490 0.0083432 0.0083895 0.0087483 0.0085493 0.0081970 0.0083433 0.0084444 0.0006810 0.0011706 0.0085494 0.0090771 0.0011706 0.0097138 0.0088690 0.0083433 0.0079301 0.0082386 0.0082386 0.0082432 0.0085496 0.0082414 0.0044599 0.0080329 0.0080329 0.0081338 0.0086503 0.0086502 0.0004862 0.0085471 0.0089942 0.0089091 0.0088586 0.0084481 0.0083431 0.0042575 0.0085514 0.0089942 0.0000010 0.0000973 0.0089942 0.0084481 0.0000000 0.0000971 0.0084483 0.0085098 0.0084525 0.0086643 0.0080049 0.0082101 0.0078973 0.0085069 0.0084708 0.0087639 0.0034534 0.0041612 
OZ261148_2024-08-02 0.0084558 0.0083499 0.0083963 0.0087556 0.0085562 0.0082037 0.0083499 0.0084511 0.0007791 0.0012695 0.0085563 0.0090844 0.0012695 0.0097227 0.0088761 0.0083500 0.0079364 0.0082452 0.0082452 0.0082498 0.0085565 0.0082480 0.0044634 0.0080394 0.0080394 0.0081404 0.0086572 0.0086571 0.0005840 0.0085540 0.0090014 0.0089170 0.0088658 0.0084549 0.0083498 0.0042609 0.0085583 0.0090015 0.0000971 0.0000010 0.0090015 0.0084549 0.0000971 0.0000000 0.0084551 0.0085167 0.0084592 0.0086713 0.0080118 0.0082168 0.0079039 0.0085138 0.0084783 0.0087712 0.0034561 0.0041645 
OZ261149_2024-08-21 0.0013657 0.0010718 0.0009791 0.0013110 0.0014631 0.0011930 0.0012674 0.0011693 0.0089662 0.0094972 0.0014632 0.0017592 0.0094972 0.0020143 0.0015628 0.0010718 0.0014628 0.0009739 0.0009739 0.0009744 0.0016592 0.0009742 0.0066752 0.0007787 0.0007787 0.0010718 0.0013649 0.0013649 0.0089704 0.0014628 0.0015624 0.0012937 0.0011691 0.0007787 0.0006810 0.0066773 0.0004861 0.0013664 0.0084483 0.0084662 0.0013664 0.0007787 0.0084483 0.0084551 0.0000000 0.0011781 0.0011704 0.0015631 0.0007338 0.0010945 0.0009192 0.0017916 0.0009710 0.0015990 0.0060642 0.0065820 
PP482818_2023-08-03 0.0013753 0.0010794 0.0010852 0.0014229 0.0014735 0.0012015 0.0012763 0.0011776 0.0090316 0.0094622 0.0014735 0.0017717 0.0094622 0.0020306 0.0015738 0.0010794 0.0014732 0.0009808 0.0009808 0.0009813 0.0016709 0.0009811 0.0069312 0.0007842 0.0007842 0.0010794 0.0013746 0.0013745 0.0090359 0.0014731 0.0018714 0.0017412 0.0015721 0.0011781 0.0010794 0.0069333 0.0012766 0.0017718 0.0085098 0.0085280 0.0017718 0.0011781 0.0085098 0.0085167 0.0011781 0.0000000 0.0000010 0.0003914 0.0008395 0.0011024 0.0010223 0.0018045 0.0011886 0.0016105 0.0063146 0.0068375 
PP482819_2023-08-03 0.0013663 0.0010723 0.0010781 0.0014133 0.0014638 0.0011935 0.0012680 0.0011699 0.0089706 0.0095019 0.0014638 0.0017600 0.0095019 0.0020154 0.0015635 0.0010723 0.0014635 0.0009744 0.0009744 0.0009749 0.0016599 0.0009747 0.0068848 0.0007791 0.0007791 0.0010723 0.0013656 0.0013655 0.0089749 0.0014635 0.0019579 0.0017286 0.0015618 0.0011704 0.0010723 0.0068869 0.0012683 0.0017602 0.0084525 0.0084704 0.0017602 0.0011704 0.0084525 0.0084592 0.0011704 0.0000010 0.0000000 0.0003888 0.0008395 0.0010950 0.0010223 0.0017924 0.0011886 0.0015997 0.0062725 0.0067918 
PP482820_2023-08-03 0.0017595 0.0014647 0.0014726 0.0018202 0.0018583 0.0015940 0.0016609 0.0015624 0.0091835 0.0097161 0.0018583 0.0021561 0.0097161 0.0024691 0.0019587 0.0014647 0.0018579 0.0013664 0.0013664 0.0013671 0.0020552 0.0013668 0.0072979 0.0011706 0.0011706 0.0014647 0.0017586 0.0017586 0.0091878 0.0018578 0.0023537 0.0021662 0.0019566 0.0015631 0.0014647 0.0073001 0.0016612 0.0021563 0.0086643 0.0086827 0.0021563 0.0015631 0.0086643 0.0086713 0.0015631 0.0003914 0.0003888 0.0000000 0.0010504 0.0007956 0.0012279 0.0014911 0.0014061 0.0012985 0.0066826 0.0072040 
PP482821_2023-07-25 0.0010495 0.0007338 0.0007338 0.0010773 0.0011544 0.0008553 0.0009440 0.0008387 0.0085611 0.0090196 0.0011544 0.0014723 0.0090196 0.0017046 0.0010499 0.0006286 0.0010489 0.0006286 0.0006286 0.0006290 0.0013651 0.0005239 0.0065451 0.0004188 0.0004188 0.0007338 0.0010489 0.0009437 0.0085654 0.0011541 0.0015777 0.0012880 0.0011544 0.0008390 0.0007338 0.0064379 0.0008389 0.0014725 0.0080049 0.0080231 0.0014725 0.0008390 0.0080049 0.0080118 0.0007338 0.0008395 0.0008395 0.0010504 0.0000000 0.0001069 0.0006292 0.0012831 0.0007574 0.0009664 0.0058861 0.0065535 
PP482822_2023-07-25 0.0012943 0.0009945 0.0009999 0.0013398 0.0013938 0.0011166 0.0011941 0.0010940 0.0086328 0.0092794 0.0013938 0.0016959 0.0092794 0.0019476 0.0014954 0.0008948 0.0013935 0.0008946 0.0008946 0.0008951 0.0015938 0.0008949 0.0069250 0.0006954 0.0006954 0.0009945 0.0012936 0.0012936 0.0087423 0.0013935 0.0017972 0.0015460 0.0014937 0.0010945 0.0009945 0.0069272 0.0011943 0.0015958 0.0082101 0.0082278 0.0015958 0.0010945 0.0082101 0.0082168 0.0010945 0.0011024 0.0010950 0.0007956 0.0001069 0.0000000 0.0007302 0.0010958 0.0008831 0.0008973 0.0063000 0.0067261 
PP482823_2023-07-25 0.0012269 0.0009192 0.0009210 0.0012666 0.0013291 0.0010415 0.0011240 0.0010214 0.0084385 0.0088844 0.0013291 0.0016404 0.0088844 0.0017710 0.0013303 0.0008166 0.0010214 0.0008167 0.0008167 0.0008171 0.0013292 0.0007146 0.0064766 0.0006122 0.0006122 0.0009192 0.0012263 0.0012262 0.0084426 0.0013288 0.0017432 0.0014796 0.0014317 0.0010218 0.0009192 0.0064786 0.0010216 0.0016405 0.0078973 0.0079148 0.0016405 0.0010218 0.0078973 0.0079039 0.0009192 0.0010223 0.0010223 0.0012279 0.0006292 0.0007302 0.0000000 0.0008308 0.0009714 0.0011505 0.0058352 0.0064847 
PP482824_2023-07-25 0.0019920 0.0016911 0.0017004 0.0020619 0.0020916 0.0018251 0.0018912 0.0017908 0.0089295 0.0095762 0.0020916 0.0023954 0.0095762 0.0026349 0.0021942 0.0015912 0.0015908 0.0015909 0.0015909 0.0015917 0.0018913 0.0014905 0.0072221 0.0013904 0.0013904 0.0016912 0.0019909 0.0019909 0.0090391 0.0020911 0.0024961 0.0020977 0.0021918 0.0017915 0.0016911 0.0072244 0.0018917 0.0022950 0.0085069 0.0085252 0.0022950 0.0017915 0.0085069 0.0085138 0.0017916 0.0018045 0.0017924 0.0014911 0.0012831 0.0010958 0.0008308 0.0000000 0.0016535 0.0015986 0.0065961 0.0070235 
PP482825_2023-08-24 0.0014049 0.0010794 0.0010794 0.0013294 0.0015129 0.0012117 0.0012961 0.0010792 0.0090447 0.0094011 0.0014045 0.0018423 0.0094011 0.0020097 0.0014055 0.0009710 0.0014041 0.0009710 0.0009710 0.0009715 0.0017312 0.0008631 0.0067362 0.0007548 0.0007548 0.0010794 0.0014041 0.0012957 0.0090494 0.0015125 0.0018415 0.0015720 0.0015125 0.0010794 0.0009710 0.0066259 0.0010792 0.0017331 0.0084708 0.0084906 0.0017331 0.0010794 0.0084708 0.0084783 0.0009710 0.0011886 0.0011886 0.0014061 0.0007574 0.0008831 0.0009714 0.0016535 0.0000000 0.0001102 0.0061696 0.0067422 
PP482826_2023-08-24 0.0018011 0.0014983 0.0014054 0.0017601 0.0019011 0.0016276 0.0017000 0.0015982 0.0091894 0.0098408 0.0019012 0.0022059 0.0098408 0.0024186 0.0020040 0.0013981 0.0018001 0.0013978 0.0013978 0.0013985 0.0021026 0.0012980 0.0074697 0.0011974 0.0011974 0.0014983 0.0018001 0.0018001 0.0092999 0.0019007 0.0023070 0.0021098 0.0020017 0.0015989 0.0014983 0.0074720 0.0017004 0.0021052 0.0087639 0.0087830 0.0021052 0.0015989 0.0087639 0.0087712 0.0015990 0.0016105 0.0015997 0.0012985 0.0009664 0.0008973 0.0011505 0.0015986 0.0001102 0.0000000 0.0068394 0.0072701 
MT863560_2018-09-08 0.0064728 0.0061667 0.0062005 0.0065947 0.0065721 0.0062915 0.0063693 0.0062666 0.0041551 0.0044598 0.0063694 0.0068854 0.0044598 0.0074337 0.0066811 0.0061668 0.0057609 0.0060642 0.0060642 0.0060676 0.0063696 0.0060662 0.0017589 0.0058620 0.0058620 0.0059617 0.0064691 0.0064691 0.0039550 0.0063677 0.0065930 0.0066080 0.0064677 0.0060641 0.0059616 0.0015621 0.0061655 0.0065930 0.0034534 0.0034605 0.0065930 0.0060641 0.0034534 0.0034561 0.0060642 0.0063146 0.0062725 0.0066826 0.0058861 0.0063000 0.0058352 0.0065961 0.0061696 0.0068394 0.0000000 0.0014654 
MT863561_2018-10-06 0.0069927 0.0066851 0.0067219 0.0070248 0.0070923 0.0068207 0.0068886 0.0067853 0.0048678 0.0051750 0.0068887 0.0074088 0.0051750 0.0076779 0.0072024 0.0066852 0.0062773 0.0065821 0.0065821 0.0065857 0.0068889 0.0065842 0.0022557 0.0063789 0.0063789 0.0064790 0.0069888 0.0069887 0.0046664 0.0068869 0.0071148 0.0072975 0.0069872 0.0065819 0.0064788 0.0020576 0.0066837 0.0071148 0.0041612 0.0041699 0.0071148 0.0065819 0.0041612 0.0041645 0.0065820 0.0068375 0.0067918 0.0072040 0.0065535 0.0067261 0.0064847 0.0070235 0.0067422 0.0072701 0.0014654 0.0000000 
