54
OZ372082_2025-09-12 0.0000000 0.0006813 0.0006849 0.0012101 0.0002911 0.0001979 0.0000970 0.0009739 0.0089675 0.0094996 0.0016601 0.0013670 0.0094996 0.0016769 0.0017602 0.0012680 0.0016598 0.0011699 0.0011699 0.0011705 0.0018566 0.0011702 0.0009743 0.0009743 0.0012680 0.0015616 0.0015616 0.0089717 0.0016597 0.0021542 0.0016193 0.0017582 0.0013662 0.0012680 0.0014643 0.0019572 0.0084498 0.0084676 0.0019572 0.0013662 0.0084498 0.0084565 0.0013662 0.0013759 0.0013669 0.0017605 0.0010499 0.0012949 0.0012276 0.0019920 0.0014056 0.0018011 0.0064738 0.0069942 
OZ372083_2025-07-23 0.0006813 0.0000000 0.0000010 0.0007046 0.0005836 0.0004949 0.0005836 0.0004853 0.0088613 0.0093925 0.0013655 0.0008772 0.0093925 0.0010035 0.0014651 0.0009742 0.0013653 0.0008764 0.0008764 0.0008768 0.0015616 0.0008766 0.0006812 0.0006812 0.0009742 0.0012673 0.0012673 0.0088654 0.0013652 0.0018582 0.0015109 0.0014635 0.0010722 0.0009742 0.0011700 0.0016616 0.0083440 0.0083616 0.0016616 0.0010722 0.0083440 0.0083506 0.0010722 0.0010798 0.0010727 0.0014654 0.0007340 0.0009948 0.0009196 0.0016912 0.0010798 0.0014991 0.0061675 0.0066863 
OZ372084_2025-07-23 0.0006849 0.0000010 0.0000000 0.0007046 0.0005867 0.0004986 0.0005867 0.0004878 0.0089103 0.0094449 0.0013729 0.0008819 0.0094449 0.0010097 0.0014730 0.0009795 0.0013726 0.0008811 0.0008811 0.0008815 0.0015700 0.0008814 0.0006849 0.0006849 0.0009795 0.0012742 0.0012741 0.0089145 0.0013726 0.0018682 0.0015199 0.0014714 0.0010779 0.0009795 0.0010777 0.0016706 0.0083902 0.0084080 0.0016706 0.0010779 0.0083902 0.0083969 0.0009795 0.0010856 0.0010785 0.0014733 0.0007340 0.0010003 0.0009214 0.0017004 0.0010798 0.0014062 0.0062014 0.0067231 
OZ372085_2025-08-18 0.0012101 0.0007046 0.0007046 0.0000000 0.0011086 0.0009251 0.0011086 0.0002007 0.0092864 0.0098376 0.0016157 0.0014140 0.0098376 0.0015092 0.0018207 0.0013115 0.0017168 0.0012100 0.0012100 0.0012107 0.0019204 0.0012104 0.0010077 0.0010077 0.0013115 0.0016153 0.0016153 0.0091814 0.0017168 0.0021265 0.0019072 0.0018187 0.0014131 0.0013115 0.0014129 0.0020246 0.0087489 0.0087680 0.0020246 0.0014131 0.0087489 0.0087561 0.0013115 0.0014235 0.0014139 0.0018211 0.0010777 0.0013403 0.0012671 0.0020619 0.0013298 0.0017601 0.0065957 0.0070263 
OZ372086_2025-09-12 0.0002911 0.0005836 0.0005867 0.0011086 0.0000000 0.0002968 0.0001939 0.0008760 0.0090678 0.0096003 0.0017578 0.0012686 0.0096003 0.0015640 0.0018579 0.0013655 0.0017574 0.0012674 0.0012674 0.0012680 0.0019543 0.0012678 0.0010718 0.0010718 0.0013656 0.0016592 0.0016592 0.0090720 0.0017574 0.0022521 0.0018364 0.0018559 0.0014638 0.0013655 0.0015619 0.0020550 0.0085501 0.0085681 0.0020550 0.0014638 0.0085501 0.0085568 0.0014638 0.0014742 0.0014645 0.0018583 0.0011549 0.0013945 0.0013299 0.0020916 0.0015137 0.0019012 0.0065733 0.0070940 
OZ372087_2025-09-12 0.0001979 0.0004949 0.0004986 0.0009251 0.0002968 0.0000000 0.0000989 0.0007940 0.0087249 0.0092662 0.0014929 0.0011942 0.0092662 0.0014853 0.0015946 0.0010935 0.0013927 0.0009936 0.0009936 0.0007946 0.0016930 0.0008942 0.0007944 0.0007944 0.0010935 0.0013926 0.0013926 0.0087290 0.0014925 0.0019960 0.0015445 0.0015929 0.0011935 0.0010935 0.0012934 0.0017953 0.0081980 0.0082155 0.0017953 0.0011935 0.0081980 0.0082046 0.0011935 0.0012021 0.0011941 0.0015950 0.0008556 0.0011171 0.0010420 0.0018252 0.0012122 0.0016286 0.0062926 0.0068223 
OZ372088_2025-09-12 0.0000970 0.0005836 0.0005867 0.0011086 0.0001939 0.0000989 0.0000000 0.0008760 0.0088613 0.0093926 0.0015616 0.0012686 0.0093926 0.0015640 0.0016614 0.0011698 0.0015612 0.0010718 0.0010718 0.0010723 0.0017578 0.0010721 0.0008764 0.0008764 0.0011698 0.0014632 0.0014632 0.0088654 0.0015612 0.0020550 0.0016193 0.0016596 0.0012679 0.0011698 0.0013658 0.0018582 0.0083441 0.0083616 0.0018582 0.0012679 0.0083441 0.0083506 0.0012679 0.0012769 0.0012685 0.0016617 0.0009443 0.0011945 0.0011246 0.0018913 0.0012966 0.0017000 0.0063703 0.0068900 
OZ372089_2025-08-18 0.0009739 0.0004853 0.0004878 0.0002007 0.0008760 0.0007940 0.0008760 0.0000000 0.0089626 0.0094943 0.0014632 0.0011704 0.0094943 0.0013394 0.0015629 0.0010718 0.0014629 0.0009739 0.0009739 0.0009743 0.0016593 0.0009741 0.0007786 0.0007786 0.0010718 0.0013650 0.0013649 0.0089667 0.0014629 0.0019562 0.0016190 0.0015612 0.0011698 0.0010717 0.0012677 0.0017595 0.0084452 0.0084629 0.0017595 0.0011698 0.0084452 0.0084519 0.0011698 0.0011781 0.0011704 0.0015632 0.0008389 0.0010944 0.0010219 0.0017908 0.0010796 0.0015992 0.0062675 0.0067867 
OZ372090_2025-10-04 0.0089675 0.0088613 0.0089103 0.0092864 0.0090678 0.0087249 0.0088613 0.0089626 0.0000000 0.0018591 0.0090679 0.0095992 0.0018591 0.0103134 0.0093902 0.0088614 0.0084469 0.0087563 0.0087563 0.0087611 0.0090682 0.0087593 0.0085501 0.0085501 0.0086512 0.0091699 0.0091698 0.0011703 0.0090655 0.0095162 0.0093674 0.0093791 0.0089665 0.0088612 0.0090700 0.0095162 0.0006812 0.0007804 0.0095162 0.0089665 0.0006812 0.0007794 0.0089667 0.0090323 0.0089714 0.0091839 0.0085617 0.0086335 0.0084390 0.0089307 0.0090451 0.0091908 0.0041548 0.0048671 
OZ313201_2025-08-06 0.0094996 0.0093925 0.0094449 0.0098376 0.0096003 0.0092662 0.0093926 0.0094943 0.0018591 0.0000000 0.0096004 0.0101339 0.0000010 0.0108092 0.0099239 0.0093927 0.0089752 0.0092869 0.0092869 0.0092920 0.0096007 0.0092900 0.0090788 0.0090788 0.0091811 0.0097019 0.0097017 0.0016625 0.0095979 0.0100515 0.0099556 0.0099121 0.0094985 0.0093925 0.0096027 0.0100516 0.0011711 0.0012716 0.0100516 0.0094985 0.0011711 0.0012700 0.0094987 0.0094639 0.0095037 0.0097178 0.0090200 0.0092808 0.0088846 0.0095777 0.0094023 0.0098425 0.0044595 0.0051754 
OZ313202_2023-09-12 0.0016601 0.0013655 0.0013729 0.0016157 0.0017578 0.0014929 0.0015616 0.0014632 0.0090679 0.0096004 0.0000000 0.0020550 0.0096004 0.0023527 0.0018580 0.0013656 0.0017574 0.0012674 0.0012674 0.0012680 0.0019543 0.0012678 0.0010718 0.0010718 0.0013656 0.0016593 0.0016592 0.0090721 0.0017574 0.0022521 0.0017279 0.0018559 0.0014638 0.0013655 0.0015619 0.0020551 0.0085502 0.0085682 0.0020551 0.0014638 0.0085502 0.0085569 0.0014638 0.0014742 0.0014646 0.0018584 0.0011549 0.0013945 0.0013300 0.0020916 0.0014051 0.0019012 0.0063704 0.0068901 
OZ313212_2025-08-04 0.0013670 0.0008772 0.0008819 0.0014140 0.0012686 0.0011942 0.0012686 0.0011704 0.0095992 0.0101339 0.0020550 0.0000000 0.0101339 0.0007793 0.0021558 0.0016616 0.0020545 0.0015631 0.0015631 0.0015639 0.0022521 0.0015636 0.0013669 0.0013669 0.0016616 0.0019561 0.0019561 0.0096036 0.0020545 0.0025511 0.0022745 0.0021534 0.0017602 0.0016616 0.0018586 0.0023535 0.0090777 0.0090968 0.0023535 0.0017602 0.0090777 0.0090848 0.0017602 0.0017727 0.0017611 0.0021562 0.0014731 0.0016968 0.0016404 0.0023954 0.0018422 0.0022060 0.0068869 0.0074097 
OZ313260_2025-07-18 0.0094996 0.0093925 0.0094449 0.0098376 0.0096003 0.0092662 0.0093926 0.0094943 0.0018591 0.0000010 0.0096004 0.0101339 0.0000000 0.0108092 0.0099239 0.0093927 0.0089752 0.0092869 0.0092869 0.0092920 0.0096007 0.0092900 0.0090788 0.0090788 0.0091811 0.0097019 0.0097017 0.0016625 0.0095979 0.0100515 0.0099556 0.0099121 0.0094985 0.0093925 0.0096027 0.0100516 0.0011711 0.0012716 0.0100516 0.0094985 0.0011711 0.0012700 0.0094987 0.0094639 0.0095037 0.0097178 0.0090200 0.0092808 0.0088846 0.0095777 0.0094023 0.0098425 0.0044595 0.0051754 
OZ313271_2025-07-26 0.0016769 0.0010035 0.0010097 0.0015092 0.0015640 0.0014853 0.0015640 0.0013394 0.0103134 0.0108092 0.0023527 0.0007793 0.0108092 0.0000000 0.0023555 0.0019020 0.0022394 0.0015644 0.0015644 0.0017901 0.0024656 0.0017897 0.0015644 0.0015644 0.0019020 0.0021261 0.0021261 0.0103189 0.0021261 0.0025821 0.0023912 0.0023521 0.0017890 0.0017890 0.0020151 0.0024690 0.0097142 0.0097387 0.0024690 0.0019019 0.0097142 0.0097240 0.0020150 0.0020314 0.0020161 0.0024692 0.0017051 0.0019483 0.0017718 0.0026349 0.0020104 0.0024186 0.0074350 0.0076796 
PV246180_2023-07-17 0.0017602 0.0014651 0.0014730 0.0018207 0.0018579 0.0015946 0.0016614 0.0015629 0.0093902 0.0099239 0.0018580 0.0021558 0.0099239 0.0023555 0.0000000 0.0014651 0.0018576 0.0013667 0.0013667 0.0013674 0.0020548 0.0013671 0.0011708 0.0011708 0.0014651 0.0015629 0.0017592 0.0093945 0.0018575 0.0023532 0.0021657 0.0019563 0.0015635 0.0014650 0.0016618 0.0021559 0.0088697 0.0088884 0.0021559 0.0015635 0.0088697 0.0088767 0.0015635 0.0015746 0.0015643 0.0019588 0.0010503 0.0014961 0.0013311 0.0021942 0.0014061 0.0020040 0.0066824 0.0072042 
PV246181_2023-09-27 0.0012680 0.0009742 0.0009795 0.0013115 0.0013655 0.0010935 0.0011698 0.0010718 0.0088614 0.0093927 0.0013656 0.0016616 0.0093927 0.0019020 0.0014651 0.0000000 0.0013653 0.0008764 0.0008764 0.0008768 0.0015616 0.0008767 0.0006812 0.0006812 0.0009743 0.0012674 0.0012673 0.0088655 0.0013652 0.0018582 0.0015109 0.0014635 0.0010722 0.0009742 0.0011700 0.0016617 0.0083441 0.0083617 0.0016617 0.0010722 0.0083441 0.0083507 0.0010722 0.0010798 0.0010727 0.0014654 0.0006288 0.0008951 0.0008170 0.0015912 0.0009713 0.0013988 0.0061676 0.0066863 
PV246182_2023-09-23 0.0016598 0.0013653 0.0013726 0.0017168 0.0017574 0.0013927 0.0015612 0.0014629 0.0084469 0.0089752 0.0017574 0.0020545 0.0089752 0.0022394 0.0018576 0.0013653 0.0000000 0.0012671 0.0012671 0.0012678 0.0015613 0.0012675 0.0010716 0.0010716 0.0013653 0.0016589 0.0016589 0.0084508 0.0017570 0.0022516 0.0020539 0.0018555 0.0014635 0.0013652 0.0015616 0.0020546 0.0079309 0.0079475 0.0020546 0.0014635 0.0079309 0.0079371 0.0014635 0.0014739 0.0014642 0.0018580 0.0010493 0.0013942 0.0010219 0.0015909 0.0014048 0.0018002 0.0057615 0.0062782 
PV246183_2023-10-03 0.0011699 0.0008764 0.0008811 0.0012100 0.0012674 0.0009936 0.0010718 0.0009739 0.0087563 0.0092869 0.0012674 0.0015631 0.0092869 0.0015644 0.0013667 0.0008764 0.0012671 0.0000000 0.0000010 0.0007790 0.0014633 0.0007789 0.0005836 0.0005836 0.0008764 0.0011693 0.0011693 0.0087603 0.0012671 0.0017596 0.0015109 0.0013653 0.0009742 0.0008764 0.0010720 0.0015631 0.0082394 0.0082567 0.0015631 0.0009742 0.0082394 0.0082459 0.0009743 0.0009811 0.0009747 0.0013670 0.0006288 0.0008949 0.0008170 0.0015909 0.0009713 0.0013985 0.0060650 0.0065832 
PV246184_2023-10-03 0.0011699 0.0008764 0.0008811 0.0012100 0.0012674 0.0009936 0.0010718 0.0009739 0.0087563 0.0092869 0.0012674 0.0015631 0.0092869 0.0015644 0.0013667 0.0008764 0.0012671 0.0000010 0.0000000 0.0007790 0.0014633 0.0007789 0.0005836 0.0005836 0.0008764 0.0011693 0.0011693 0.0087603 0.0012671 0.0017596 0.0015109 0.0013653 0.0009742 0.0008764 0.0010720 0.0015631 0.0082394 0.0082567 0.0015631 0.0009742 0.0082394 0.0082459 0.0009743 0.0009811 0.0009747 0.0013670 0.0006288 0.0008949 0.0008170 0.0015909 0.0009713 0.0013985 0.0060650 0.0065832 
PV246185_2023-08-14 0.0011705 0.0008768 0.0008815 0.0012107 0.0012680 0.0007946 0.0010723 0.0009743 0.0087611 0.0092920 0.0012680 0.0015639 0.0092920 0.0017901 0.0013674 0.0008768 0.0012678 0.0007790 0.0007790 0.0000000 0.0014640 0.0007793 0.0005839 0.0005839 0.0008768 0.0011699 0.0011699 0.0087651 0.0012677 0.0017604 0.0015118 0.0013659 0.0009747 0.0008768 0.0010725 0.0015639 0.0082439 0.0082612 0.0015639 0.0009747 0.0082439 0.0082504 0.0009747 0.0009816 0.0009752 0.0013677 0.0006291 0.0008954 0.0008174 0.0015917 0.0009718 0.0013992 0.0060682 0.0065867 
PV246186_2023-08-11 0.0018566 0.0015616 0.0015700 0.0019204 0.0019543 0.0016930 0.0017578 0.0016593 0.0090682 0.0096007 0.0019543 0.0022521 0.0096007 0.0024656 0.0020548 0.0015616 0.0015613 0.0014633 0.0014633 0.0014640 0.0000000 0.0014637 0.0012674 0.0012674 0.0015616 0.0018556 0.0018556 0.0090724 0.0019538 0.0024494 0.0021633 0.0020526 0.0016600 0.0015616 0.0017582 0.0022522 0.0085504 0.0085684 0.0022522 0.0016600 0.0085504 0.0085572 0.0016600 0.0016718 0.0016608 0.0020552 0.0013658 0.0015947 0.0013300 0.0018913 0.0017311 0.0021026 0.0063705 0.0068903 
PV246187_2023-07-03 0.0011702 0.0008766 0.0008814 0.0012104 0.0012678 0.0008942 0.0010721 0.0009741 0.0087593 0.0092900 0.0012678 0.0015636 0.0092900 0.0017897 0.0013671 0.0008767 0.0012675 0.0007789 0.0007789 0.0007793 0.0014637 0.0000000 0.0003882 0.0003882 0.0008767 0.0011696 0.0011696 0.0087633 0.0012675 0.0017601 0.0015114 0.0013657 0.0009745 0.0008766 0.0010723 0.0015636 0.0082422 0.0082595 0.0015636 0.0009745 0.0082422 0.0082487 0.0009746 0.0009814 0.0009750 0.0013674 0.0005231 0.0008952 0.0007149 0.0014915 0.0008634 0.0012986 0.0060670 0.0065853 
PV054410_2023-07-27 0.0009743 0.0006812 0.0006849 0.0010077 0.0010718 0.0007944 0.0008764 0.0007786 0.0085501 0.0090788 0.0010718 0.0013669 0.0090788 0.0015644 0.0011708 0.0006812 0.0010716 0.0005836 0.0005836 0.0005839 0.0012674 0.0003882 0.0000000 0.0000010 0.0006812 0.0009738 0.0009738 0.0085540 0.0010715 0.0015631 0.0012942 0.0011695 0.0007789 0.0006812 0.0008766 0.0013669 0.0080337 0.0080506 0.0013669 0.0007789 0.0080337 0.0080401 0.0007789 0.0007845 0.0007793 0.0011710 0.0004183 0.0006956 0.0006124 0.0013912 0.0007550 0.0011980 0.0058627 0.0063799 
PV054411_2023-07-27 0.0009743 0.0006812 0.0006849 0.0010077 0.0010718 0.0007944 0.0008764 0.0007786 0.0085501 0.0090788 0.0010718 0.0013669 0.0090788 0.0015644 0.0011708 0.0006812 0.0010716 0.0005836 0.0005836 0.0005839 0.0012674 0.0003882 0.0000010 0.0000000 0.0006812 0.0009738 0.0009738 0.0085540 0.0010715 0.0015631 0.0012942 0.0011695 0.0007789 0.0006812 0.0008766 0.0013669 0.0080337 0.0080506 0.0013669 0.0007789 0.0080337 0.0080401 0.0007789 0.0007845 0.0007793 0.0011710 0.0004183 0.0006956 0.0006124 0.0013912 0.0007550 0.0011980 0.0058627 0.0063799 
PV054415_2023-08-27 0.0012680 0.0009742 0.0009795 0.0013115 0.0013656 0.0010935 0.0011698 0.0010718 0.0086512 0.0091811 0.0013656 0.0016616 0.0091811 0.0019020 0.0014651 0.0009743 0.0013653 0.0008764 0.0008764 0.0008768 0.0015616 0.0008767 0.0006812 0.0006812 0.0000000 0.0012674 0.0012673 0.0086552 0.0013652 0.0018582 0.0016197 0.0014635 0.0010722 0.0009742 0.0011700 0.0016617 0.0081347 0.0081518 0.0016617 0.0010722 0.0081347 0.0081411 0.0010722 0.0010798 0.0010727 0.0014654 0.0007340 0.0009949 0.0009196 0.0016912 0.0010798 0.0014991 0.0059625 0.0064801 
PV054416_2024-09-12 0.0015616 0.0012673 0.0012742 0.0016153 0.0016592 0.0013926 0.0014632 0.0013650 0.0091699 0.0097019 0.0016593 0.0019561 0.0097019 0.0021261 0.0015629 0.0012674 0.0016589 0.0011693 0.0011693 0.0011699 0.0018556 0.0011696 0.0009738 0.0009738 0.0012674 0.0000000 0.0001939 0.0091741 0.0006811 0.0021530 0.0019451 0.0017573 0.0013655 0.0012673 0.0014635 0.0019562 0.0086511 0.0086692 0.0019562 0.0013655 0.0086511 0.0086579 0.0013655 0.0013752 0.0013662 0.0017596 0.0010493 0.0012942 0.0012270 0.0019909 0.0014048 0.0018001 0.0064702 0.0069903 
PV054417_2024-09-12 0.0015616 0.0012673 0.0012741 0.0016153 0.0016592 0.0013926 0.0014632 0.0013649 0.0091698 0.0097017 0.0016592 0.0019561 0.0097017 0.0021261 0.0017592 0.0012673 0.0016589 0.0011693 0.0011693 0.0011699 0.0018556 0.0011696 0.0009738 0.0009738 0.0012673 0.0001939 0.0000000 0.0091740 0.0006810 0.0021530 0.0019451 0.0017573 0.0013655 0.0012673 0.0014635 0.0019561 0.0086510 0.0086691 0.0019561 0.0013655 0.0086510 0.0086578 0.0013655 0.0013752 0.0013662 0.0017596 0.0009441 0.0012942 0.0012270 0.0019909 0.0012963 0.0018001 0.0064701 0.0069902 
PV054418_2024-09-17 0.0089717 0.0088654 0.0089145 0.0091814 0.0090720 0.0087290 0.0088654 0.0089667 0.0011703 0.0016625 0.0090721 0.0096036 0.0016625 0.0103189 0.0093945 0.0088655 0.0084508 0.0087603 0.0087603 0.0087651 0.0090724 0.0087633 0.0085540 0.0085540 0.0086552 0.0091741 0.0091740 0.0000000 0.0090697 0.0095206 0.0094893 0.0093834 0.0089706 0.0088653 0.0090742 0.0095207 0.0004855 0.0005849 0.0095207 0.0089706 0.0004855 0.0005842 0.0089708 0.0090365 0.0089755 0.0091881 0.0085659 0.0087429 0.0084430 0.0090402 0.0090497 0.0093012 0.0039547 0.0046658 
PV054419_2024-10-04 0.0016597 0.0013652 0.0013726 0.0017168 0.0017574 0.0014925 0.0015612 0.0014629 0.0090655 0.0095979 0.0017574 0.0020545 0.0095979 0.0021261 0.0018575 0.0013652 0.0017570 0.0012671 0.0012671 0.0012677 0.0019538 0.0012675 0.0010715 0.0010715 0.0013652 0.0006811 0.0006810 0.0090697 0.0000000 0.0020546 0.0018364 0.0018555 0.0014635 0.0013652 0.0015615 0.0020546 0.0085480 0.0085659 0.0020546 0.0014635 0.0085480 0.0085547 0.0014635 0.0014738 0.0014642 0.0018579 0.0011546 0.0013941 0.0013296 0.0020911 0.0015133 0.0019007 0.0063687 0.0068883 
PV054420_2024-09-11 0.0021542 0.0018582 0.0018682 0.0021265 0.0022521 0.0019960 0.0020550 0.0019562 0.0095162 0.0100515 0.0022521 0.0025511 0.0100515 0.0025821 0.0023532 0.0018582 0.0022516 0.0017596 0.0017596 0.0017604 0.0024494 0.0017601 0.0015631 0.0015631 0.0018582 0.0021530 0.0021530 0.0095206 0.0020546 0.0000000 0.0009693 0.0019557 0.0015631 0.0014647 0.0016613 0.0007790 0.0089943 0.0090132 0.0007790 0.0015631 0.0089943 0.0090014 0.0015631 0.0018714 0.0019580 0.0023537 0.0015785 0.0017972 0.0017431 0.0024960 0.0018415 0.0023071 0.0065937 0.0071159 
OZ263593_2024-09-17 0.0016193 0.0015109 0.0015199 0.0019072 0.0018364 0.0015445 0.0016193 0.0016190 0.0093674 0.0099556 0.0017279 0.0022745 0.0099556 0.0023912 0.0021657 0.0015109 0.0020539 0.0015109 0.0015109 0.0015118 0.0021633 0.0015114 0.0012942 0.0012942 0.0016197 0.0019451 0.0019451 0.0094893 0.0018364 0.0009693 0.0000000 0.0017274 0.0012942 0.0011857 0.0014026 0.0007532 0.0089094 0.0089301 0.0007532 0.0012942 0.0089094 0.0089171 0.0012942 0.0017423 0.0017296 0.0021662 0.0012886 0.0015467 0.0014795 0.0020977 0.0015728 0.0021099 0.0066091 0.0072982 
OZ263594_2024-09-13 0.0017582 0.0014635 0.0014714 0.0018187 0.0018559 0.0015929 0.0016596 0.0015612 0.0093791 0.0099121 0.0018559 0.0021534 0.0099121 0.0023521 0.0019563 0.0014635 0.0018555 0.0013653 0.0013653 0.0013659 0.0020526 0.0013657 0.0011695 0.0011695 0.0014635 0.0017573 0.0017573 0.0093834 0.0018555 0.0019557 0.0017274 0.0000000 0.0005835 0.0004851 0.0012674 0.0017591 0.0088593 0.0088779 0.0017591 0.0005835 0.0088593 0.0088662 0.0011695 0.0015729 0.0015626 0.0019567 0.0011548 0.0014945 0.0014326 0.0021918 0.0015133 0.0020018 0.0064688 0.0069887 
OZ263595_2024-08-16 0.0013662 0.0010722 0.0010779 0.0014131 0.0014638 0.0011935 0.0012679 0.0011698 0.0089665 0.0094985 0.0014638 0.0017602 0.0094985 0.0017890 0.0015635 0.0010722 0.0014635 0.0009742 0.0009742 0.0009747 0.0016600 0.0009745 0.0007789 0.0007789 0.0010722 0.0013655 0.0013655 0.0089706 0.0014635 0.0015631 0.0012942 0.0005835 0.0000000 0.0000969 0.0008766 0.0013669 0.0084489 0.0084666 0.0013669 0.0001940 0.0084489 0.0084555 0.0007789 0.0011785 0.0011708 0.0015638 0.0008393 0.0010949 0.0010223 0.0017915 0.0010798 0.0015999 0.0060649 0.0065830 
OZ263596_2024-08-30 0.0012680 0.0009742 0.0009795 0.0013115 0.0013655 0.0010935 0.0011698 0.0010717 0.0088612 0.0093925 0.0013655 0.0016616 0.0093925 0.0017890 0.0014650 0.0009742 0.0013652 0.0008764 0.0008764 0.0008768 0.0015616 0.0008766 0.0006812 0.0006812 0.0009742 0.0012673 0.0012673 0.0088653 0.0013652 0.0014647 0.0011857 0.0004851 0.0000969 0.0000000 0.0007788 0.0012686 0.0083439 0.0083615 0.0012686 0.0000969 0.0083439 0.0083505 0.0006812 0.0010798 0.0010727 0.0014654 0.0007340 0.0009948 0.0009196 0.0016911 0.0009713 0.0014991 0.0059623 0.0064799 
OZ261141_2024-09-03 0.0014643 0.0011700 0.0010777 0.0014129 0.0015619 0.0012934 0.0013658 0.0012677 0.0090700 0.0096027 0.0015619 0.0018586 0.0096027 0.0020151 0.0016618 0.0011700 0.0015616 0.0010720 0.0010720 0.0010725 0.0017582 0.0010723 0.0008766 0.0008766 0.0011700 0.0014635 0.0014635 0.0090742 0.0015615 0.0016613 0.0014026 0.0012674 0.0008766 0.0007788 0.0000000 0.0014650 0.0085522 0.0085702 0.0014650 0.0008766 0.0085522 0.0085589 0.0004854 0.0012772 0.0012688 0.0016621 0.0008391 0.0011948 0.0010221 0.0018917 0.0010796 0.0017004 0.0061663 0.0066850 
OZ261142_2024-08-28 0.0019572 0.0016616 0.0016706 0.0020246 0.0020550 0.0017953 0.0018582 0.0017595 0.0095162 0.0100516 0.0020551 0.0023535 0.0100516 0.0024690 0.0021559 0.0016617 0.0020546 0.0015631 0.0015631 0.0015639 0.0022522 0.0015636 0.0013669 0.0013669 0.0016617 0.0019562 0.0019561 0.0095207 0.0020546 0.0007790 0.0007532 0.0017591 0.0013669 0.0012686 0.0014650 0.0000000 0.0089943 0.0090133 0.0000010 0.0013669 0.0089943 0.0090014 0.0013669 0.0017728 0.0017611 0.0021563 0.0014731 0.0015966 0.0016405 0.0022950 0.0017330 0.0021052 0.0065937 0.0071160 
OZ261143_2024-08-23 0.0084498 0.0083440 0.0083902 0.0087489 0.0085501 0.0081980 0.0083441 0.0084452 0.0006812 0.0011711 0.0085502 0.0090777 0.0011711 0.0097142 0.0088697 0.0083441 0.0079309 0.0082394 0.0082394 0.0082439 0.0085504 0.0082422 0.0080337 0.0080337 0.0081347 0.0086511 0.0086510 0.0004855 0.0085480 0.0089943 0.0089094 0.0088593 0.0084489 0.0083439 0.0085522 0.0089943 0.0000000 0.0000971 0.0089943 0.0084489 0.0000010 0.0000970 0.0084491 0.0085108 0.0084535 0.0086651 0.0080054 0.0082108 0.0078978 0.0085073 0.0084713 0.0087644 0.0034532 0.0041609 
OZ261144_2024-08-02 0.0084676 0.0083616 0.0084080 0.0087680 0.0085681 0.0082155 0.0083616 0.0084629 0.0007804 0.0012716 0.0085682 0.0090968 0.0012716 0.0097387 0.0088884 0.0083617 0.0079475 0.0082567 0.0082567 0.0082612 0.0085684 0.0082595 0.0080506 0.0080506 0.0081518 0.0086692 0.0086691 0.0005849 0.0085659 0.0090132 0.0089301 0.0088779 0.0084666 0.0083615 0.0085702 0.0090133 0.0000971 0.0000000 0.0090133 0.0084666 0.0000971 0.0000010 0.0084668 0.0085288 0.0084712 0.0086834 0.0080236 0.0082285 0.0079152 0.0085255 0.0084911 0.0087832 0.0034604 0.0041695 
OZ261145_2024-08-28 0.0019572 0.0016616 0.0016706 0.0020246 0.0020550 0.0017953 0.0018582 0.0017595 0.0095162 0.0100516 0.0020551 0.0023535 0.0100516 0.0024690 0.0021559 0.0016617 0.0020546 0.0015631 0.0015631 0.0015639 0.0022522 0.0015636 0.0013669 0.0013669 0.0016617 0.0019562 0.0019561 0.0095207 0.0020546 0.0007790 0.0007532 0.0017591 0.0013669 0.0012686 0.0014650 0.0000010 0.0089943 0.0090133 0.0000000 0.0013669 0.0089943 0.0090014 0.0013669 0.0017728 0.0017611 0.0021563 0.0014731 0.0015966 0.0016405 0.0022950 0.0017330 0.0021052 0.0065937 0.0071160 
OZ261146_2024-08-29 0.0013662 0.0010722 0.0010779 0.0014131 0.0014638 0.0011935 0.0012679 0.0011698 0.0089665 0.0094985 0.0014638 0.0017602 0.0094985 0.0019019 0.0015635 0.0010722 0.0014635 0.0009742 0.0009742 0.0009747 0.0016600 0.0009745 0.0007789 0.0007789 0.0010722 0.0013655 0.0013655 0.0089706 0.0014635 0.0015631 0.0012942 0.0005835 0.0001940 0.0000969 0.0008766 0.0013669 0.0084489 0.0084666 0.0013669 0.0000000 0.0084489 0.0084555 0.0007789 0.0011785 0.0011708 0.0015638 0.0008393 0.0010949 0.0010223 0.0017915 0.0010798 0.0015999 0.0060649 0.0065830 
OZ261147_2024-08-23 0.0084498 0.0083440 0.0083902 0.0087489 0.0085501 0.0081980 0.0083441 0.0084452 0.0006812 0.0011711 0.0085502 0.0090777 0.0011711 0.0097142 0.0088697 0.0083441 0.0079309 0.0082394 0.0082394 0.0082439 0.0085504 0.0082422 0.0080337 0.0080337 0.0081347 0.0086511 0.0086510 0.0004855 0.0085480 0.0089943 0.0089094 0.0088593 0.0084489 0.0083439 0.0085522 0.0089943 0.0000010 0.0000971 0.0089943 0.0084489 0.0000000 0.0000970 0.0084491 0.0085108 0.0084535 0.0086651 0.0080054 0.0082108 0.0078978 0.0085073 0.0084713 0.0087644 0.0034532 0.0041609 
OZ261148_2024-08-02 0.0084565 0.0083506 0.0083969 0.0087561 0.0085568 0.0082046 0.0083506 0.0084519 0.0007794 0.0012700 0.0085569 0.0090848 0.0012700 0.0097240 0.0088767 0.0083507 0.0079371 0.0082459 0.0082459 0.0082504 0.0085572 0.0082487 0.0080401 0.0080401 0.0081411 0.0086579 0.0086578 0.0005842 0.0085547 0.0090014 0.0089171 0.0088662 0.0084555 0.0083505 0.0085589 0.0090014 0.0000970 0.0000010 0.0090014 0.0084555 0.0000970 0.0000000 0.0084557 0.0085175 0.0084601 0.0086720 0.0080123 0.0082175 0.0079044 0.0085141 0.0084787 0.0087714 0.0034559 0.0041641 
OZ261149_2024-08-21 0.0013662 0.0010722 0.0009795 0.0013115 0.0014638 0.0011935 0.0012679 0.0011698 0.0089667 0.0094987 0.0014638 0.0017602 0.0094987 0.0020150 0.0015635 0.0010722 0.0014635 0.0009743 0.0009743 0.0009747 0.0016600 0.0009746 0.0007789 0.0007789 0.0010722 0.0013655 0.0013655 0.0089708 0.0014635 0.0015631 0.0012942 0.0011695 0.0007789 0.0006812 0.0004854 0.0013669 0.0084491 0.0084668 0.0013669 0.0007789 0.0084491 0.0084557 0.0000000 0.0011786 0.0011708 0.0015639 0.0007340 0.0010949 0.0009196 0.0017916 0.0009713 0.0015999 0.0060650 0.0065832 
PP482818_2023-08-03 0.0013759 0.0010798 0.0010856 0.0014235 0.0014742 0.0012021 0.0012769 0.0011781 0.0090323 0.0094639 0.0014742 0.0017727 0.0094639 0.0020314 0.0015746 0.0010798 0.0014739 0.0009811 0.0009811 0.0009816 0.0016718 0.0009814 0.0007845 0.0007845 0.0010798 0.0013752 0.0013752 0.0090365 0.0014738 0.0018714 0.0017423 0.0015729 0.0011785 0.0010798 0.0012772 0.0017728 0.0085108 0.0085288 0.0017728 0.0011785 0.0085108 0.0085175 0.0011786 0.0000000 0.0000010 0.0003908 0.0008397 0.0011028 0.0010228 0.0018045 0.0011891 0.0016115 0.0063157 0.0068390 
PP482819_2023-08-03 0.0013669 0.0010727 0.0010785 0.0014139 0.0014645 0.0011941 0.0012685 0.0011704 0.0089714 0.0095037 0.0014646 0.0017611 0.0095037 0.0020161 0.0015643 0.0010727 0.0014642 0.0009747 0.0009747 0.0009752 0.0016608 0.0009750 0.0007793 0.0007793 0.0010727 0.0013662 0.0013662 0.0089755 0.0014642 0.0019580 0.0017296 0.0015626 0.0011708 0.0010727 0.0012688 0.0017611 0.0084535 0.0084712 0.0017611 0.0011708 0.0084535 0.0084601 0.0011708 0.0000010 0.0000000 0.0003883 0.0008397 0.0010954 0.0010228 0.0017925 0.0011891 0.0016007 0.0062735 0.0067932 
PP482820_2023-08-03 0.0017605 0.0014654 0.0014733 0.0018211 0.0018583 0.0015950 0.0016617 0.0015632 0.0091839 0.0097178 0.0018584 0.0021562 0.0097178 0.0024692 0.0019588 0.0014654 0.0018580 0.0013670 0.0013670 0.0013677 0.0020552 0.0013674 0.0011710 0.0011710 0.0014654 0.0017596 0.0017596 0.0091881 0.0018579 0.0023537 0.0021662 0.0019567 0.0015638 0.0014654 0.0016621 0.0021563 0.0086651 0.0086834 0.0021563 0.0015638 0.0086651 0.0086720 0.0015639 0.0003908 0.0003883 0.0000000 0.0010507 0.0007958 0.0012286 0.0014921 0.0014068 0.0012991 0.0066839 0.0072058 
PP482821_2023-07-25 0.0010499 0.0007340 0.0007340 0.0010777 0.0011549 0.0008556 0.0009443 0.0008389 0.0085617 0.0090200 0.0011549 0.0014731 0.0090200 0.0017051 0.0010503 0.0006288 0.0010493 0.0006288 0.0006288 0.0006291 0.0013658 0.0005231 0.0004183 0.0004183 0.0007340 0.0010493 0.0009441 0.0085659 0.0011546 0.0015785 0.0012886 0.0011548 0.0008393 0.0007340 0.0008391 0.0014731 0.0080054 0.0080236 0.0014731 0.0008393 0.0080054 0.0080123 0.0007340 0.0008397 0.0008397 0.0010507 0.0000000 0.0001067 0.0006294 0.0012837 0.0007576 0.0009667 0.0058866 0.0065545 
PP482822_2023-07-25 0.0012949 0.0009948 0.0010003 0.0013403 0.0013945 0.0011171 0.0011945 0.0010944 0.0086335 0.0092808 0.0013945 0.0016968 0.0092808 0.0019483 0.0014961 0.0008951 0.0013942 0.0008949 0.0008949 0.0008954 0.0015947 0.0008952 0.0006956 0.0006956 0.0009949 0.0012942 0.0012942 0.0087429 0.0013941 0.0017972 0.0015467 0.0014945 0.0010949 0.0009948 0.0011948 0.0015966 0.0082108 0.0082285 0.0015966 0.0010949 0.0082108 0.0082175 0.0010949 0.0011028 0.0010954 0.0007958 0.0001067 0.0000000 0.0007305 0.0010963 0.0008833 0.0008977 0.0063009 0.0067273 
PP482823_2023-07-25 0.0012276 0.0009196 0.0009214 0.0012671 0.0013299 0.0010420 0.0011246 0.0010219 0.0084390 0.0088846 0.0013300 0.0016404 0.0088846 0.0017718 0.0013311 0.0008170 0.0010219 0.0008170 0.0008170 0.0008174 0.0013300 0.0007149 0.0006124 0.0006124 0.0009196 0.0012270 0.0012270 0.0084430 0.0013296 0.0017431 0.0014795 0.0014326 0.0010223 0.0009196 0.0010221 0.0016405 0.0078978 0.0079152 0.0016405 0.0010223 0.0078978 0.0079044 0.0009196 0.0010228 0.0010228 0.0012286 0.0006294 0.0007305 0.0000000 0.0008312 0.0009717 0.0011511 0.0058359 0.0064859 
PP482824_2023-07-25 0.0019920 0.0016912 0.0017004 0.0020619 0.0020916 0.0018252 0.0018913 0.0017908 0.0089307 0.0095777 0.0020916 0.0023954 0.0095777 0.0026349 0.0021942 0.0015912 0.0015909 0.0015909 0.0015909 0.0015917 0.0018913 0.0014915 0.0013912 0.0013912 0.0016912 0.0019909 0.0019909 0.0090402 0.0020911 0.0024960 0.0020977 0.0021918 0.0017915 0.0016911 0.0018917 0.0022950 0.0085073 0.0085255 0.0022950 0.0017915 0.0085073 0.0085141 0.0017916 0.0018045 0.0017925 0.0014921 0.0012837 0.0010963 0.0008312 0.0000000 0.0016535 0.0015996 0.0065974 0.0070242 
PP482825_2023-08-24 0.0014056 0.0010798 0.0010798 0.0013298 0.0015137 0.0012122 0.0012966 0.0010796 0.0090451 0.0094023 0.0014051 0.0018422 0.0094023 0.0020104 0.0014061 0.0009713 0.0014048 0.0009713 0.0009713 0.0009718 0.0017311 0.0008634 0.0007550 0.0007550 0.0010798 0.0014048 0.0012963 0.0090497 0.0015133 0.0018415 0.0015728 0.0015133 0.0010798 0.0009713 0.0010796 0.0017330 0.0084713 0.0084911 0.0017330 0.0010798 0.0084713 0.0084787 0.0009713 0.0011891 0.0011891 0.0014068 0.0007576 0.0008833 0.0009717 0.0016535 0.0000000 0.0001101 0.0061703 0.0067433 
PP482826_2023-08-24 0.0018011 0.0014991 0.0014062 0.0017601 0.0019012 0.0016286 0.0017000 0.0015992 0.0091908 0.0098425 0.0019012 0.0022060 0.0098425 0.0024186 0.0020040 0.0013988 0.0018002 0.0013985 0.0013985 0.0013992 0.0021026 0.0012986 0.0011980 0.0011980 0.0014991 0.0018001 0.0018001 0.0093012 0.0019007 0.0023071 0.0021099 0.0020018 0.0015999 0.0014991 0.0017004 0.0021052 0.0087644 0.0087832 0.0021052 0.0015999 0.0087644 0.0087714 0.0015999 0.0016115 0.0016007 0.0012991 0.0009667 0.0008977 0.0011511 0.0015996 0.0001101 0.0000000 0.0068409 0.0072709 
MT863560_2018-09-08 0.0064738 0.0061675 0.0062014 0.0065957 0.0065733 0.0062926 0.0063703 0.0062675 0.0041548 0.0044595 0.0063704 0.0068869 0.0044595 0.0074350 0.0066824 0.0061676 0.0057615 0.0060650 0.0060650 0.0060682 0.0063705 0.0060670 0.0058627 0.0058627 0.0059625 0.0064702 0.0064701 0.0039547 0.0063687 0.0065937 0.0066091 0.0064688 0.0060649 0.0059623 0.0061663 0.0065937 0.0034532 0.0034604 0.0065937 0.0060649 0.0034532 0.0034559 0.0060650 0.0063157 0.0062735 0.0066839 0.0058866 0.0063009 0.0058359 0.0065974 0.0061703 0.0068409 0.0000000 0.0014661 
MT863561_2018-10-06 0.0069942 0.0066863 0.0067231 0.0070263 0.0070940 0.0068223 0.0068900 0.0067867 0.0048671 0.0051754 0.0068901 0.0074097 0.0051754 0.0076796 0.0072042 0.0066863 0.0062782 0.0065832 0.0065832 0.0065867 0.0068903 0.0065853 0.0063799 0.0063799 0.0064801 0.0069903 0.0069902 0.0046658 0.0068883 0.0071159 0.0072982 0.0069887 0.0065830 0.0064799 0.0066850 0.0071160 0.0041609 0.0041695 0.0071160 0.0065830 0.0041609 0.0041641 0.0065832 0.0068390 0.0067932 0.0072058 0.0065545 0.0067273 0.0064859 0.0070242 0.0067433 0.0072709 0.0014661 0.0000000 
